x0:[-1.36309434e-02 -2.80325226e-02 -2.27007442e-01 -2.79103424e-02
 -5.76829351e-02 -1.89630775e+01  1.06418729e-02  2.57208738e-02
  6.34599686e-01  7.72339702e-01  2.35834974e-04  4.61876625e-05
 -4.91752580e-05]
self.motor_rpms:[150. 152. 150. 152.]
self.x_target_traj:[[-9.41721071e-03 -1.94027927e-02 -5.00000000e+00 -2.47430746e-02
  -5.03453501e-02 -1.66902390e+01  1.05652111e-02  2.56881174e-02
   6.34830236e-01  7.72152305e-01  1.31383887e-04  2.02411436e-04
   2.53158214e-05]
 [-1.17958868e-02 -2.42517423e-02 -5.00000000e+00 -2.60771979e-02
  -5.35525270e-02 -1.77091923e+01  1.06011089e-02  2.56786477e-02
   6.34733617e-01  7.72231579e-01  1.51025830e-04  2.26482516e-05
  -7.22693803e-05]
 [-1.19001959e-02 -2.44659521e-02 -5.00000000e+00 -2.60771979e-02
  -5.35525270e-02 -1.77091923e+01  1.06011089e-02  2.56786477e-02
   6.34733617e-01  7.72231579e-01  1.51025830e-04  2.26482516e-05
  -7.22693803e-05]
 [-1.19001959e-02 -2.44659521e-02 -5.00000000e+00 -2.61907540e-02
  -5.37998453e-02 -1.77875633e+01  1.06040556e-02  2.56779771e-02
   6.34723425e-01  7.72239923e-01  1.34421629e-04  1.66462269e-04
   1.72682951e-04]
 [-1.20049585e-02 -2.46811509e-02 -5.00000000e+00 -2.66276896e-02
  -5.48163466e-02 -1.81010571e+01  1.06149530e-02  2.56824605e-02
   6.34691477e-01  7.72265851e-01  3.93665337e-04  2.56130006e-05
   1.67407576e-04]
 [-1.24284029e-02 -2.55519766e-02 -5.00000000e+00 -2.66276896e-02
  -5.48163466e-02 -1.81010571e+01  1.06149530e-02  2.56824605e-02
   6.34691477e-01  7.72265851e-01  3.93665337e-04  2.56130006e-05
   1.67407576e-04]
 [-1.25353727e-02 -2.57722922e-02 -5.00000000e+00 -2.67423913e-02
  -5.50786816e-02 -1.81794186e+01  1.06192064e-02  2.56865509e-02
   6.34677827e-01  7.72276759e-01  2.95625767e-04  2.41697067e-04
  -1.90182182e-04]
 [-1.26427943e-02 -2.59936266e-02 -5.00000000e+00 -2.69768052e-02
  -5.55959791e-02 -1.83361549e+01  1.06246388e-02  2.56938227e-02
   6.34655476e-01  7.72294998e-01  1.63981575e-04  2.18116911e-04
  -6.67957647e-05]
 [-1.28591033e-02 -2.64394283e-02 -5.00000000e+00 -2.71003209e-02
  -5.58545180e-02 -1.84145184e+01  1.06274448e-02  2.56983284e-02
   6.34644210e-01  7.72303939e-01  3.08670511e-04  1.29732187e-04
   2.68562260e-04]
 [-1.29679693e-02 -2.66638845e-02 -5.00000000e+00 -2.73339562e-02
  -5.63709773e-02 -1.85712528e+01  1.06321489e-02  2.57032663e-02
   6.34629726e-01  7.72315621e-01  4.44173929e-05  5.76410675e-05
   6.43654785e-05]
 [-1.29679693e-02 -2.66638845e-02 -5.00000000e+00 -2.73339562e-02
  -5.63709773e-02 -1.85712528e+01  1.06321489e-02  2.57032663e-02
   6.34629726e-01  7.72315621e-01  4.44173929e-05  5.76410675e-05
   6.43654785e-05]]
self.u_target_traj:[[150. 152. 150. 152.]
 [150. 152. 150. 152.]
 [150. 152. 150. 152.]
 [150. 152. 150. 152.]
 [150. 152. 150. 152.]
 [150. 152. 150. 152.]
 [150. 152. 150. 152.]
 [150. 152. 150. 152.]
 [150. 152. 150. 152.]
 [150. 152. 150. 152.]]
x0:[-1.56189471e-01 -4.36243653e-01 -2.27657901e-01 -7.92426765e-02
 -2.46470332e-01 -7.05366135e+01  1.22695034e-02  2.69761793e-02
  6.33554578e-01  7.73130238e-01  2.93558027e-04 -5.25268260e-05
 -4.92692052e-05]
self.motor_rpms:[150. 152. 150. 152.]
self.x_target_traj:[[-1.52725294e-01 -4.25451696e-01 -5.00000000e+00 -7.80964121e-02
  -2.43822917e-01 -6.96759796e+01  1.21929105e-02  2.69524176e-02
   6.33494675e-01  7.73181379e-01  2.21030350e-04  6.80739759e-05
   2.87808158e-04]
 [-1.53038129e-01 -4.26427960e-01 -5.00000000e+00 -7.82098249e-02
  -2.44065464e-01 -6.97542114e+01  1.21982312e-02  2.69539319e-02
   6.33499801e-01  7.73177028e-01  3.30065464e-04 -6.17238693e-05
   3.15179204e-04]
 [-1.53038129e-01 -4.26427960e-01 -5.00000000e+00 -7.82098249e-02
  -2.44065464e-01 -6.97542114e+01  1.21982312e-02  2.69539319e-02
   6.33499801e-01  7.73177028e-01  3.30065464e-04 -6.17238693e-05
   3.15179204e-04]
 [-1.53038129e-01 -4.26427960e-01 -5.00000000e+00 -7.83123374e-02
  -2.44305581e-01 -6.98324509e+01  1.22064296e-02  2.69560777e-02
   6.33508503e-01  7.73169637e-01  3.63887433e-04  9.50498506e-05
   8.42709269e-05]
 [-1.53665051e-01 -4.28383350e-01 -5.00000000e+00 -7.84167126e-02
  -2.44542569e-01 -6.99106903e+01  1.22122429e-02  2.69576348e-02
   6.33513808e-01  7.73165286e-01  3.32696276e-04  2.20144866e-05
   1.13383241e-04]
 [-1.53979123e-01 -4.29362476e-01 -5.00000000e+00 -7.86307007e-02
  -2.45022744e-01 -7.00671692e+01  1.22255934e-02  2.69619450e-02
   6.33526802e-01  7.73154199e-01  1.59264338e-04 -1.40632968e-04
  -2.87274888e-05]
 [-1.54608577e-01 -4.31323647e-01 -5.00000000e+00 -7.87324831e-02
  -2.45270416e-01 -7.01454086e+01  1.22380825e-02  2.69653164e-02
   6.33534312e-01  7.73147762e-01  3.57106182e-04  5.26147196e-05
  -6.31006842e-05]
 [-1.54923946e-01 -4.32305723e-01 -5.00000000e+00 -7.88412020e-02
  -2.45516717e-01 -7.02236557e+01  1.22447088e-02  2.69675720e-02
   6.33538604e-01  7.73144126e-01  4.76037123e-04  1.31961424e-04
   9.68997774e-05]
 [-1.55239731e-01 -4.33288783e-01 -5.00000000e+00 -7.89464787e-02
  -2.45764688e-01 -7.03019028e+01  1.22515783e-02  2.69704796e-02
   6.33544207e-01  7.73139298e-01  3.02523636e-04  2.10333616e-04
   2.17656576e-04]
 [-1.55555919e-01 -4.34272796e-01 -5.00000000e+00 -7.91448504e-02
  -2.46243104e-01 -7.04583817e+01  1.22645069e-02  2.69748773e-02
   6.33552194e-01  7.73132384e-01  2.74242571e-04  2.51061283e-06
  -2.05516408e-05]
 [-1.55555919e-01 -4.34272796e-01 -5.00000000e+00 -7.91448504e-02
  -2.46243104e-01 -7.04583817e+01  1.22645069e-02  2.69748773e-02
   6.33552194e-01  7.73132384e-01  2.74242571e-04  2.51061283e-06
  -2.05516408e-05]]
self.u_target_traj:[[150. 152. 150. 152.]
 [150. 152. 150. 152.]
 [150. 152. 150. 152.]
 [150. 152. 150. 152.]
 [150. 152. 150. 152.]
 [150. 152. 150. 152.]
 [150. 152. 150. 152.]
 [150. 152. 150. 152.]
 [150. 152. 150. 152.]
 [150. 152. 150. 152.]]
x0:[-1.62614882e-01 -4.56154346e-01 -2.27657901e-01 -8.13103914e-02
 -2.51008779e-01 -7.21012573e+01  1.23805916e-02  2.70017628e-02
  6.33556128e-01  7.73126423e-01  2.78062274e-04 -1.14202616e-04
  1.62419878e-04]
self.motor_rpms:[150. 152. 150. 152.]
self.x_target_traj:[[-1.5873985e-01 -4.4416425e-01 -5.0000000e+00 -8.0058508e-02
  -2.4832250e-01 -7.1162468e+01  1.2310797e-02  2.6987351e-02
   6.3357222e-01  7.7311468e-01  4.5164398e-04  4.6606758e-05
   2.7007828e-04]
 [-1.5873985e-01 -4.4416425e-01 -5.0000000e+00 -8.0168873e-02
  -2.4855626e-01 -7.1240715e+01  1.2317494e-02  2.6989523e-02
   6.3357478e-01  7.7311248e-01  4.5222385e-04 -2.8011971e-05
   1.3741957e-04]
 [-1.5906052e-01 -4.4515848e-01 -5.0000000e+00 -8.0271110e-02
  -2.4878551e-01 -7.1318947e+01  1.2322890e-02  2.6990844e-02
   6.3357562e-01  7.7311164e-01  4.9353170e-04 -2.4029054e-05
   4.6754692e-05]
 [-1.5970309e-01 -4.4714966e-01 -5.0000000e+00 -8.0369271e-02
  -2.4901168e-01 -7.1397179e+01  1.2330066e-02  2.6991829e-02
   6.3357472e-01  7.7311224e-01  1.2293636e-04  1.8431339e-05
   1.3829920e-04]
 [-1.6002496e-01 -4.4814664e-01 -5.0000000e+00 -8.0464631e-02
  -2.4924059e-01 -7.1475403e+01  1.2335045e-02  2.6993115e-02
   6.3357365e-01  7.7311301e-01  3.0518460e-04  2.9621646e-05
   3.7775986e-05]
 [-1.6034721e-01 -4.4914454e-01 -5.0000000e+00 -8.0562823e-02
  -2.4947472e-01 -7.1553635e+01  1.2342175e-02  2.6995575e-02
   6.3357216e-01  7.7311397e-01  3.8137214e-04  1.5403586e-04
   8.7748660e-05]
 [-1.6066986e-01 -4.5014331e-01 -5.0000000e+00 -8.0664121e-02
  -2.4968916e-01 -7.1631874e+01  1.2354859e-02  2.6997905e-02
   6.3356942e-01  7.7311593e-01  3.4726728e-04 -7.8879180e-05
   1.2326085e-04]
 [-1.6099295e-01 -4.5114297e-01 -5.0000000e+00 -8.0885060e-02
  -2.5013256e-01 -7.1788330e+01  1.2359622e-02  2.6998300e-02
   6.3356704e-01  7.7311784e-01  3.5128513e-04 -1.3679452e-04
  -8.0887141e-05]
 [-1.6164047e-01 -4.5314488e-01 -5.0000000e+00 -8.0994435e-02
  -2.5035036e-01 -7.1866562e+01  1.2366333e-02  2.6999228e-02
   6.3356346e-01  7.7312058e-01  2.7500154e-04 -8.0898055e-05
  -1.0427766e-04]
 [-1.6196485e-01 -4.5414716e-01 -5.0000000e+00 -8.1196547e-02
  -2.5079003e-01 -7.2023033e+01  1.2376499e-02  2.7001016e-02
   6.3355780e-01  7.7312493e-01  2.2632876e-04 -1.6764132e-04
   1.1405414e-04]
 [-1.6196485e-01 -4.5414716e-01 -5.0000000e+00 -8.1196547e-02
  -2.5079003e-01 -7.2023033e+01  1.2376499e-02  2.7001016e-02
   6.3355780e-01  7.7312493e-01  2.2632876e-04 -1.6764132e-04
   1.1405414e-04]]
self.u_target_traj:[[150. 152. 150. 152.]
 [150. 152. 150. 152.]
 [150. 152. 150. 152.]
 [150. 152. 150. 152.]
 [150. 152. 150. 152.]
 [150. 152. 150. 152.]
 [150. 152. 150. 152.]
 [150. 152. 150. 152.]
 [150. 152. 150. 152.]
 [150. 152. 150. 152.]]
x0:[-1.69212192e-01 -4.76420581e-01 -2.27007442e-01 -8.34782869e-02
 -2.55432904e-01 -7.36656494e+01  1.25166457e-02  2.70134453e-02
  6.33589506e-01  7.73096383e-01  2.46245996e-04 -1.27741718e-04
  1.36439063e-04]
self.motor_rpms:[150. 152. 150. 152.]
self.x_target_traj:[[-1.65233538e-01 -4.64218497e-01 -5.00000000e+00 -8.23255852e-02
  -2.53003627e-01 -7.28052521e+01  1.24492357e-02  2.70042382e-02
   6.33552313e-01  7.73128271e-01  1.73609675e-04 -3.41059640e-05
   1.87878337e-04]
 [-1.65892541e-01 -4.66243416e-01 -5.00000000e+00 -8.24254155e-02
  -2.53223062e-01 -7.28834686e+01  1.24538904e-02  2.70040259e-02
   6.33553326e-01  7.73127317e-01  1.00832869e-04 -6.09339913e-05
   5.81394706e-05]
 [-1.66222662e-01 -4.67257202e-01 -5.00000000e+00 -8.25284123e-02
  -2.53446698e-01 -7.29616852e+01  1.24615207e-02  2.70052403e-02
   6.33556008e-01  7.73125052e-01  3.85272899e-04  8.69319774e-05
   2.80480454e-04]
 [-1.66222662e-01 -4.67257202e-01 -5.00000000e+00 -8.25284123e-02
  -2.53446698e-01 -7.29616852e+01  1.24662220e-02  2.70055067e-02
   6.33556962e-01  7.73124099e-01  3.00690532e-04  6.13951124e-06
   7.02190155e-05]
 [-1.66553155e-01 -4.68271852e-01 -5.00000000e+00 -8.27203840e-02
  -2.53873676e-01 -7.31181259e+01  1.24738645e-02  2.70066801e-02
   6.33558989e-01  7.73122370e-01  3.24621738e-04 -3.68454494e-07
   2.53531325e-05]
 [-1.66884035e-01 -4.69287336e-01 -5.00000000e+00 -8.28181133e-02
  -2.54083663e-01 -7.31963501e+01  1.24800289e-02  2.70081442e-02
   6.33561611e-01  7.73120105e-01  4.94443695e-04  1.30553963e-05
   2.73279235e-04]
 [-1.67547032e-01 -4.71320897e-01 -5.00000000e+00 -8.29327479e-02
  -2.54305691e-01 -7.32745743e+01  1.24891186e-02  2.70084403e-02
   6.33565426e-01  7.73116827e-01  3.02160741e-04 -3.67175671e-04
   3.23481101e-04]
 [-1.67879179e-01 -4.72339004e-01 -5.00000000e+00 -8.30377862e-02
  -2.54528672e-01 -7.33527908e+01  1.24937743e-02  2.70093344e-02
   6.33567512e-01  7.73114920e-01  2.14751752e-04  8.73417594e-06
   1.90729988e-04]
 [-1.68211743e-01 -4.73358065e-01 -5.00000000e+00 -8.32572132e-02
  -2.54985929e-01 -7.35092163e+01  1.25058852e-02  2.70116720e-02
   6.33578241e-01  7.73105800e-01  2.98256695e-04 -1.20258541e-04
   6.47153065e-05]
 [-1.68544769e-01 -4.74378020e-01 -5.00000000e+00 -8.33760574e-02
  -2.55208462e-01 -7.35874329e+01  1.25122946e-02  2.70127282e-02
   6.33584917e-01  7.73100257e-01  1.51109707e-04 -6.45456603e-05
   1.09034780e-04]
 [-1.68544769e-01 -4.74378020e-01 -5.00000000e+00 -8.33760574e-02
  -2.55208462e-01 -7.35874329e+01  1.25122946e-02  2.70127282e-02
   6.33584917e-01  7.73100257e-01  1.51109707e-04 -6.45456603e-05
   1.09034780e-04]]
self.u_target_traj:[[150. 152. 150. 152.]
 [150. 152. 150. 152.]
 [150. 152. 150. 152.]
 [150. 152. 150. 152.]
 [150. 152. 150. 152.]
 [150. 152. 150. 152.]
 [150. 152. 150. 152.]
 [150. 152. 150. 152.]
 [150. 152. 150. 152.]
 [150. 152. 150. 152.]]
x0:[-1.75297439e-01 -4.94962901e-01 -2.28308359e-01 -8.54797363e-02
 -2.59344608e-01 -7.50735245e+01  1.25851193e-02  2.70360466e-02
  6.33724153e-01  7.72984207e-01  3.07356182e-04 -4.56899870e-05
  1.17921925e-04]
self.motor_rpms:[150. 152. 150. 152.]
self.x_target_traj:[[-1.71561718e-01 -4.83597606e-01 -5.00000000e+00 -8.42414051e-02
  -2.57001102e-01 -7.42131424e+01  1.25555769e-02  2.70239934e-02
   6.33640409e-01  7.73053646e-01  2.40533438e-04  2.94991769e-05
   1.72891741e-04]
 [-1.71899125e-01 -4.84626532e-01 -5.00000000e+00 -8.44613463e-02
  -2.57456839e-01 -7.43695755e+01  1.25600435e-02  2.70257629e-02
   6.33649945e-01  7.73045659e-01  2.83959846e-04 -5.26113436e-05
   3.83531995e-04]
 [-1.72575265e-01 -4.86687064e-01 -5.00000000e+00 -8.45745429e-02
  -2.57678509e-01 -7.44477921e+01  1.25629427e-02  2.70269271e-02
   6.33656502e-01  7.73040295e-01  2.63946189e-04 -4.74869739e-05
   9.04392509e-05]
 [-1.72913983e-01 -4.87718612e-01 -5.00000000e+00 -8.46789405e-02
  -2.57888645e-01 -7.45260086e+01  1.25671793e-02  2.70287450e-02
   6.33668661e-01  7.73030043e-01  3.30770679e-04 -8.54721293e-05
   2.21308233e-04]
 [-1.72913983e-01 -4.87718612e-01 -5.00000000e+00 -8.46789405e-02
  -2.57888645e-01 -7.45260086e+01  1.25671793e-02  2.70287450e-02
   6.33668661e-01  7.73030043e-01  2.57859123e-04  2.18100613e-05
   1.26895626e-04]
 [-1.73253134e-01 -4.88750994e-01 -5.00000000e+00 -8.48960876e-02
  -2.58309752e-01 -7.46824341e+01  1.25731993e-02  2.70320252e-02
   6.33687556e-01  7.73014545e-01  3.34997196e-04 -2.04009702e-05
   1.79760100e-05]
 [-1.73932716e-01 -4.90818352e-01 -5.00000000e+00 -8.51104409e-02
  -2.58730590e-01 -7.48388672e+01  1.25777740e-02  2.70331968e-02
   6.33704841e-01  7.73000181e-01  9.35081334e-05 -2.01290357e-04
  -8.17913387e-05]
 [-1.74273163e-01 -4.91853267e-01 -5.00000000e+00 -8.52326825e-02
  -2.58929372e-01 -7.49170837e+01  1.25796041e-02  2.70341728e-02
   6.33712173e-01  7.72994041e-01  2.05864257e-04 -1.07158325e-04
   1.11738758e-04]
 [-1.74955517e-01 -4.93925512e-01 -5.00000000e+00 -8.53577405e-02
  -2.59133905e-01 -7.49953003e+01  1.25829447e-02  2.70355269e-02
   6.33719385e-01  7.72988021e-01  2.97677121e-04 -1.31325098e-04
   1.67929291e-04]
 [-1.74955517e-01 -4.93925512e-01 -5.00000000e+00 -8.53577405e-02
  -2.59133905e-01 -7.49953003e+01  1.25829447e-02  2.70355269e-02
   6.33719385e-01  7.72988021e-01  2.97677121e-04 -1.31325098e-04
   1.67929291e-04]
 [-1.74955517e-01 -4.93925512e-01 -5.00000000e+00 -8.53577405e-02
  -2.59133905e-01 -7.49953003e+01  1.25829447e-02  2.70355269e-02
   6.33719385e-01  7.72988021e-01  2.97677121e-04 -1.31325098e-04
   1.67929291e-04]]
self.u_target_traj:[[150. 152. 150. 152.]
 [150. 152. 150. 152.]
 [150. 152. 150. 152.]
 [150. 152. 150. 152.]
 [150. 152. 150. 152.]
 [150. 152. 150. 152.]
 [150. 152. 150. 152.]
 [150. 152. 150. 152.]
 [150. 152. 150. 152.]
 [150. 152. 150. 152.]]
x0:[-1.82247117e-01 -5.15888512e-01 -2.25706526e-01 -8.82015899e-02
 -2.63566166e-01 -7.66376877e+01  1.26487948e-02  2.70292368e-02
  6.33887172e-01  7.72849560e-01  3.20886611e-04 -2.07250356e-04
  1.58380790e-04]
self.motor_rpms:[150. 152. 150. 152.]
self.x_target_traj:[[-1.78050891e-01 -5.03292382e-01 -5.00000000e+00 -8.65079388e-02
  -2.61044413e-01 -7.56992111e+01  1.26062455e-02  2.70321164e-02
   6.33782387e-01  7.72936165e-01  1.32497807e-04 -7.43356068e-05
   1.32940666e-04]
 [-1.78397477e-01 -5.04337430e-01 -5.00000000e+00 -8.66471380e-02
  -2.61258841e-01 -7.57774124e+01  1.26085263e-02  2.70320587e-02
   6.33794188e-01  7.72926450e-01  3.58189573e-04  4.93562547e-05
   1.50058215e-04]
 [-1.78744614e-01 -5.05383313e-01 -5.00000000e+00 -8.69325399e-02
  -2.61680454e-01 -7.59338074e+01  1.26119778e-02  2.70306394e-02
   6.33811951e-01  7.72911847e-01  2.36223452e-04 -8.50817887e-05
  -1.30755652e-05]
 [-1.79092348e-01 -5.06430030e-01 -5.00000000e+00 -8.69325399e-02
  -2.61680454e-01 -7.59338074e+01  1.26119778e-02  2.70306394e-02
   6.33811951e-01  7.72911847e-01  2.36223452e-04 -8.50817887e-05
  -1.30755652e-05]
 [-1.79440618e-01 -5.07477641e-01 -5.00000000e+00 -8.70663002e-02
  -2.61896044e-01 -7.60120010e+01  1.26129407e-02  2.70305146e-02
   6.33819282e-01  7.72905827e-01  2.69357522e-04  8.85520130e-05
   1.71342137e-04]
 [-1.79789439e-01 -5.08526027e-01 -5.00000000e+00 -8.72046351e-02
  -2.62101382e-01 -7.60902100e+01  1.26176020e-02  2.70301998e-02
   6.33830428e-01  7.72896707e-01  2.98619969e-04 -6.61681406e-05
   2.48818164e-04]
 [-1.80138826e-01 -5.09575307e-01 -5.00000000e+00 -8.73463005e-02
  -2.62313634e-01 -7.61684113e+01  1.26213832e-02  2.70295348e-02
   6.33837819e-01  7.72890508e-01  1.70693034e-04 -1.40724820e-04
   2.75771512e-04]
 [-1.80138826e-01 -5.09575307e-01 -5.00000000e+00 -8.74816626e-02
  -2.62522578e-01 -7.62466278e+01  1.26264710e-02  2.70294212e-02
   6.33848011e-01  7.72882044e-01  1.96608249e-04  1.63615914e-05
   8.00843409e-05]
 [-1.80488750e-01 -5.10625422e-01 -5.00000000e+00 -8.76268521e-02
  -2.62734443e-01 -7.63248367e+01  1.26303015e-02  2.70294603e-02
   6.33854926e-01  7.72876441e-01  3.03605979e-04 -3.33864009e-05
   1.08729771e-04]
 [-1.81190372e-01 -5.12728155e-01 -5.00000000e+00 -8.77788067e-02
  -2.62943447e-01 -7.64030457e+01  1.26357358e-02  2.70292833e-02
   6.33864760e-01  7.72868156e-01  2.36307096e-04 -4.88460064e-05
   1.23259917e-04]
 [-1.81190372e-01 -5.12728155e-01 -5.00000000e+00 -8.77788067e-02
  -2.62943447e-01 -7.64030457e+01  1.26357358e-02  2.70292833e-02
   6.33864760e-01  7.72868156e-01  2.36307096e-04 -4.88460064e-05
   1.23259917e-04]]
self.u_target_traj:[[150. 152. 150. 152.]
 [150. 152. 150. 152.]
 [150. 152. 150. 152.]
 [150. 152. 150. 152.]
 [150. 152. 150. 152.]
 [150. 152. 150. 152.]
 [150. 152. 150. 152.]
 [150. 152. 150. 152.]
 [150. 152. 150. 152.]
 [150. 152. 150. 152.]]
x0:[-1.88334346e-01 -5.33931434e-01 -2.25706526e-01 -9.07141417e-02
 -2.66881973e-01 -7.79672699e+01  1.27105899e-02  2.70927064e-02
  6.34024680e-01  7.72733569e-01  4.16724361e-04 -9.06838104e-05
  1.52031382e-04]
self.motor_rpms:[150. 152. 150. 152.]
self.x_target_traj:[[-1.8401967e-01 -5.2117193e-01 -5.0000000e+00 -8.9070976e-02
  -2.6476216e-01 -7.7106934e+01  1.2673870e-02  2.7035359e-02
   6.3392597e-01  7.7281719e-01  1.9210001e-04 -2.1155807e-05
   4.1120540e-05]
 [-1.8437596e-01 -5.2223098e-01 -5.0000000e+00 -8.9070976e-02
  -2.6476216e-01 -7.7106934e+01  1.2673870e-02  2.7035359e-02
   6.3392597e-01  7.7281719e-01  1.9210001e-04 -2.1155807e-05
   4.1120540e-05]
 [-1.8473281e-01 -5.2329081e-01 -5.0000000e+00 -8.9213178e-02
  -2.6495615e-01 -7.7185143e+01  1.2678607e-02  2.7039606e-02
   6.3393337e-01  7.7281082e-01  1.9782240e-04 -3.0682236e-04
   6.3095562e-05]
 [-1.8544833e-01 -5.2541280e-01 -5.0000000e+00 -8.9511305e-02
  -2.6534843e-01 -7.7341568e+01  1.2688731e-02  2.7053701e-02
   6.3395602e-01  7.7279168e-01  2.7609087e-04  8.9431414e-06
   2.7127072e-04]
 [-1.8580697e-01 -5.2647495e-01 -5.0000000e+00 -8.9811698e-02
  -2.6573056e-01 -7.7497993e+01  1.2692853e-02  2.7060205e-02
   6.3396454e-01  7.7278441e-01  4.0885335e-04 -1.7094309e-05
   1.1365990e-04]
 [-1.8652609e-01 -5.2860159e-01 -5.0000000e+00 -9.0108722e-02
  -2.6610959e-01 -7.7654419e+01  1.2699565e-02  2.7070705e-02
   6.3397622e-01  7.7277428e-01  4.5313779e-04 -1.2460153e-04
  -1.6283599e-04]
 [-1.8688652e-01 -5.2966601e-01 -5.0000000e+00 -9.0108722e-02
  -2.6610959e-01 -7.7654419e+01  1.2699565e-02  2.7070705e-02
   6.3397622e-01  7.7277428e-01  4.5313779e-04 -1.2460153e-04
  -1.6283599e-04]
 [-1.8688652e-01 -5.2966601e-01 -5.0000000e+00 -9.0108722e-02
  -2.6610959e-01 -7.7654419e+01  1.2699565e-02  2.7070705e-02
   6.3397622e-01  7.7277428e-01  4.5313779e-04 -1.2460153e-04
  -1.6283599e-04]
 [-1.8724754e-01 -5.3073120e-01 -5.0000000e+00 -9.0257384e-02
  -2.6629868e-01 -7.7732635e+01  1.2705120e-02  2.7081968e-02
   6.3399738e-01  7.7275646e-01  3.3075718e-04  2.8243987e-05
   9.1388065e-06]
 [-1.8760921e-01 -5.3179717e-01 -5.0000000e+00 -9.0569861e-02
  -2.6668885e-01 -7.7889061e+01  1.2707254e-02  2.7086131e-02
   6.3400841e-01  7.7274710e-01  3.4756545e-04 -6.3689542e-05
   1.3411844e-04]
 [-1.8760921e-01 -5.3179717e-01 -5.0000000e+00 -9.0569861e-02
  -2.6668885e-01 -7.7889061e+01  1.2707254e-02  2.7086131e-02
   6.3400841e-01  7.7274710e-01  3.4756545e-04 -6.3689542e-05
   1.3411844e-04]]
self.u_target_traj:[[150. 152. 150. 152.]
 [150. 152. 150. 152.]
 [150. 152. 150. 152.]
 [150. 152. 150. 152.]
 [150. 152. 150. 152.]
 [150. 152. 150. 152.]
 [150. 152. 150. 152.]
 [150. 152. 150. 152.]
 [150. 152. 150. 152.]
 [150. 152. 150. 152.]]
x0:[-1.95717856e-01 -5.55454314e-01 -2.27657901e-01 -9.37231630e-02
 -2.71034390e-01 -7.95313797e+01  1.27306450e-02  2.71866731e-02
  6.34171605e-01  7.72609472e-01  2.26463017e-04 -1.93547457e-05
  2.65189476e-04]
self.motor_rpms:[150. 152. 150. 152.]
self.x_target_traj:[[-1.9089121e-01 -5.4142666e-01 -5.0000000e+00 -9.1769628e-02
  -2.6830164e-01 -7.8514740e+01  1.2723999e-02  2.7118001e-02
   6.3410538e-01  7.7266628e-01  3.9767334e-04 -6.9970498e-05
   8.3245774e-05]
 [-1.9125885e-01 -5.4250067e-01 -5.0000000e+00 -9.2059553e-02
  -2.6871756e-01 -7.8671150e+01  1.2726953e-02  2.7126176e-02
   6.3412470e-01  7.7265012e-01  4.0078413e-04  4.4156332e-07
   2.5779803e-04]
 [-1.9199587e-01 -5.4465121e-01 -5.0000000e+00 -9.2198014e-02
  -2.6892811e-01 -7.8749352e+01  1.2728322e-02  2.7130032e-02
   6.3413531e-01  7.7264124e-01  2.4806190e-04 -3.2616896e-05
   9.7598822e-06]
 [-1.9199587e-01 -5.4465121e-01 -5.0000000e+00 -9.2198014e-02
  -2.6892811e-01 -7.8749352e+01  1.2728322e-02  2.7130032e-02
   6.3413531e-01  7.7264124e-01  2.4806190e-04 -3.2616896e-05
   9.7598822e-06]
 [-1.9236529e-01 -5.4572773e-01 -5.0000000e+00 -9.2510298e-02
  -2.6933807e-01 -7.8905746e+01  1.2730324e-02  2.7150543e-02
   6.3415611e-01  7.7262348e-01  3.8950250e-04 -1.1474732e-04
  -2.5321584e-04]
 [-1.9347729e-01 -5.4896230e-01 -5.0000000e+00 -9.2824481e-02
  -2.6976120e-01 -7.9062149e+01  1.2730324e-02  2.7150543e-02
   6.3415611e-01  7.7262348e-01  3.8950250e-04 -1.1474732e-04
  -2.5321584e-04]
 [-1.9384922e-01 -5.5004221e-01 -5.0000000e+00 -9.2981987e-02
  -2.6997209e-01 -7.9140366e+01  1.2730955e-02  2.7155679e-02
   6.3415849e-01  7.7262127e-01  4.3520186e-04 -2.6948866e-04
  -1.7740444e-04]
 [-1.9422175e-01 -5.5112290e-01 -5.0000000e+00 -9.3132637e-02
  -2.7017850e-01 -7.9218559e+01  1.2730925e-02  2.7163330e-02
   6.3416308e-01  7.7261716e-01  2.8364704e-04 -7.3799281e-05
   2.5128140e-04]
 [-1.9459489e-01 -5.5220449e-01 -5.0000000e+00 -9.3434572e-02
  -2.7060762e-01 -7.9374977e+01  1.2731266e-02  2.7175382e-02
   6.3416934e-01  7.7261162e-01  2.5059207e-04 -2.0766433e-04
   8.6275482e-05]
 [-1.9534296e-01 -5.5437016e-01 -5.0000000e+00 -9.3581356e-02
  -2.7082109e-01 -7.9453178e+01  1.2731160e-02  2.7179560e-02
   6.3417077e-01  7.7261037e-01  1.9840122e-04 -2.1109497e-04
   1.5002851e-04]
 [-1.9534296e-01 -5.5437016e-01 -5.0000000e+00 -9.3581356e-02
  -2.7082109e-01 -7.9453178e+01  1.2731160e-02  2.7179560e-02
   6.3417077e-01  7.7261037e-01  1.9840122e-04 -2.1109497e-04
   1.5002851e-04]]
self.u_target_traj:[[150. 152. 150. 152.]
 [150. 152. 150. 152.]
 [150. 152. 150. 152.]
 [150. 152. 150. 152.]
 [150. 152. 150. 152.]
 [150. 152. 150. 152.]
 [150. 152. 150. 152.]
 [150. 152. 150. 152.]
 [150. 152. 150. 152.]
 [150. 152. 150. 152.]]
x0:[-2.02179834e-01 -5.74019372e-01 -2.26356984e-01 -9.62347761e-02
 -2.74796754e-01 -8.08608551e+01  1.27894254e-02  2.72694621e-02
  6.34111583e-01  7.72654712e-01  4.17451753e-04 -1.06491847e-04
  1.46553517e-04]
self.motor_rpms:[150. 152. 150. 152.]
self.x_target_traj:[[-1.9797905e-01 -5.6197721e-01 -5.0000000e+00 -9.4735704e-02
  -2.7256253e-01 -8.0078781e+01  1.2741925e-02  2.7225299e-02
   6.3416040e-01  7.7261710e-01  2.7687132e-04  4.1961437e-05
   8.4850850e-05]
 [-1.9835798e-01 -5.6306744e-01 -5.0000000e+00 -9.4735704e-02
  -2.7256253e-01 -8.0078781e+01  1.2741925e-02  2.7225299e-02
   6.3416040e-01  7.7261710e-01  2.7687132e-04  4.1961437e-05
   8.4850850e-05]
 [-1.9873752e-01 -5.6415862e-01 -5.0000000e+00 -9.5024616e-02
  -2.7302295e-01 -8.0235191e+01  1.2750051e-02  2.7236365e-02
   6.3415098e-01  7.7262425e-01  2.5128567e-04 -4.2896951e-05
  -1.3043723e-04]
 [-1.9911762e-01 -5.6525069e-01 -5.0000000e+00 -9.5024616e-02
  -2.7302295e-01 -8.0235191e+01  1.2750051e-02  2.7236365e-02
   6.3415098e-01  7.7262425e-01  2.5128567e-04 -4.2896951e-05
  -1.3043723e-04]
 [-1.9911762e-01 -5.6525069e-01 -5.0000000e+00 -9.5171236e-02
  -2.7325365e-01 -8.0313393e+01  1.2755327e-02  2.7242066e-02
   6.3414443e-01  7.7262932e-01  2.6857090e-04 -1.2226042e-04
  -1.9309268e-04]
 [-1.9949830e-01 -5.6634372e-01 -5.0000000e+00 -9.5319435e-02
  -2.7347839e-01 -8.0391602e+01  1.2759028e-02  2.7246507e-02
   6.3414097e-01  7.7263194e-01  4.0549977e-04  5.3562690e-07
   1.2089226e-04]
 [-2.0026141e-01 -5.6853241e-01 -5.0000000e+00 -9.5459700e-02
  -2.7369034e-01 -8.0469803e+01  1.2764089e-02  2.7250959e-02
   6.3413525e-01  7.7263641e-01  1.3305934e-04 -1.6759778e-04
   7.5220334e-05]
 [-2.0064388e-01 -5.6962806e-01 -5.0000000e+00 -9.5618680e-02
  -2.7390778e-01 -8.0548012e+01  1.2768510e-02  2.7253352e-02
   6.3413149e-01  7.7263945e-01  2.3540686e-04 -3.7916296e-04
   1.0991645e-04]
 [-2.0102695e-01 -5.7072455e-01 -5.0000000e+00 -9.5914505e-02
  -2.7434704e-01 -8.0704437e+01  1.2778986e-02  2.7261594e-02
   6.3412088e-01  7.7264762e-01  3.2477075e-04 -1.6138889e-04
  -1.3306356e-04]
 [-2.0141061e-01 -5.7182193e-01 -5.0000000e+00 -9.6071392e-02
  -2.7457049e-01 -8.0782639e+01  1.2785368e-02  2.7266258e-02
   6.3411552e-01  7.7265167e-01  4.2885778e-04 -1.5303050e-04
   1.9137784e-04]
 [-2.0141061e-01 -5.7182193e-01 -5.0000000e+00 -9.6071392e-02
  -2.7457049e-01 -8.0782639e+01  1.2785368e-02  2.7266258e-02
   6.3411552e-01  7.7265167e-01  4.2885778e-04 -1.5303050e-04
   1.9137784e-04]]
self.u_target_traj:[[150. 152. 150. 152.]
 [150. 152. 150. 152.]
 [150. 152. 150. 152.]
 [150. 152. 150. 152.]
 [150. 152. 150. 152.]
 [150. 152. 150. 152.]
 [150. 152. 150. 152.]
 [150. 152. 150. 152.]
 [150. 152. 150. 152.]
 [150. 152. 150. 152.]]
x0:[-2.10816562e-01 -5.98432481e-01 -2.25706526e-01 -9.99786630e-02
 -2.79844910e-01 -8.25811996e+01  1.28420051e-02  2.73480434e-02
  6.33874059e-01  7.72845864e-01  3.58405028e-04 -1.48695428e-04
  2.00856433e-04]
self.motor_rpms:[150. 152. 150. 152.]
self.x_target_traj:[[-2.05282807e-01 -5.82845330e-01 -5.00000000e+00 -9.75254849e-02
  -2.76617646e-01 -8.14864502e+01  1.28249396e-02  2.72999927e-02
   6.34042382e-01  7.72709787e-01  3.09275725e-04  8.30487115e-05
   6.40304934e-05]
 [-2.05673561e-01 -5.83952725e-01 -5.00000000e+00 -9.76886153e-02
  -2.76847869e-01 -8.15646515e+01  1.28296008e-02  2.73036845e-02
   6.34029806e-01  7.72719920e-01  3.80160898e-04 -1.25397230e-04
  -7.45657308e-05]
 [-2.06064999e-01 -5.85061014e-01 -5.00000000e+00 -9.80259553e-02
  -2.77304322e-01 -8.17210388e+01  1.28388973e-02  2.73096710e-02
   6.34004712e-01  7.72740126e-01  4.42164048e-04 -1.24963117e-04
  -1.18121825e-04]
 [-2.06457108e-01 -5.86170256e-01 -5.00000000e+00 -9.82017890e-02
  -2.77539790e-01 -8.17992325e+01  1.28421197e-02  2.73124091e-02
   6.33995414e-01  7.72747636e-01  3.94304254e-04 -9.19401646e-06
   1.05393599e-04]
 [-2.07243428e-01 -5.88391483e-01 -5.00000000e+00 -9.83783230e-02
  -2.77766347e-01 -8.18774185e+01  1.28466971e-02  2.73154695e-02
   6.33980632e-01  7.72759616e-01  4.58486058e-04 -3.22302338e-04
   1.47036291e-04]
 [-2.07637638e-01 -5.89503467e-01 -5.00000000e+00 -9.87201706e-02
  -2.78222591e-01 -8.20338058e+01  1.28460489e-02  2.73243226e-02
   6.33952498e-01  7.72782385e-01  3.96046526e-04  4.54349210e-05
   1.55126327e-06]
 [-2.08428115e-01 -5.91730118e-01 -5.00000000e+00 -9.88979936e-02
  -2.78450310e-01 -8.21120071e+01  1.28461104e-02  2.73278859e-02
   6.33941352e-01  7.72791386e-01  4.85939527e-04 -6.91433670e-05
  -1.33154390e-05]
 [-2.08824396e-01 -5.92844844e-01 -5.00000000e+00 -9.92441997e-02
  -2.78913915e-01 -8.22684021e+01  1.28461663e-02  2.73352508e-02
   6.33915007e-01  7.72812843e-01  4.55247267e-04 -3.34569719e-04
  -9.39874153e-05]
 [-2.09619075e-01 -5.95077097e-01 -5.00000000e+00 -9.94228125e-02
  -2.79143333e-01 -8.23466034e+01  1.28451511e-02  2.73389686e-02
   6.33902490e-01  7.72822917e-01  2.90086755e-04 -1.20654586e-04
   2.70948891e-04]
 [-2.10017487e-01 -5.96194625e-01 -5.00000000e+00 -9.97884125e-02
  -2.79614061e-01 -8.25029907e+01  1.28429402e-02  2.73458939e-02
   6.33881569e-01  7.72839844e-01  4.95829154e-04 -9.66677908e-05
   7.59821560e-05]
 [-2.10017487e-01 -5.96194625e-01 -5.00000000e+00 -9.97884125e-02
  -2.79614061e-01 -8.25029907e+01  1.28429402e-02  2.73458939e-02
   6.33881569e-01  7.72839844e-01  4.95829154e-04 -9.66677908e-05
   7.59821560e-05]]
self.u_target_traj:[[  0.   0.   0.   0.]
 [  0.   0.   0.   0.]
 [150. 152. 150. 152.]
 [150. 152. 150. 152.]
 [150. 152. 150. 152.]
 [150. 152. 150. 152.]
 [150. 152. 150. 152.]
 [150. 152. 150. 152.]
 [150. 152. 150. 152.]
 [150. 152. 150. 152.]]
