x0:[-3.29645135e-06  4.01360584e-06  5.53817580e-02 -4.21863615e-04
  5.19699844e-04 -9.78442646e-02  1.15128803e-02  1.33798627e-02
  4.11909137e-01  8.98347860e-01  1.13236901e-04 -1.57960819e-04
  1.05524585e-04]
u_init:[[ 0.       36.760735  0.       36.760735]
 [ 0.       36.760735  0.       36.760735]
 [ 0.       36.760735  0.       36.760735]
 [ 0.       36.760735  0.       36.760735]
 [ 0.       36.760735  0.       36.760735]
 [ 0.       36.760735  0.       36.760735]
 [ 0.       36.760735  0.       36.760735]
 [ 0.       36.760735  0.       36.760735]
 [ 0.       36.760735  0.       36.760735]
 [ 0.       36.760735  0.       36.760735]]
self.x_target_traj:[[ 0.00000000e+00  0.00000000e+00  5.00000000e+00 -3.76247009e-03
   4.75502806e-03  2.48358306e-03  1.67707223e-02  1.95644777e-02
   6.01785719e-01  7.98241735e-01  1.43003519e-04 -6.82525220e-04
   2.22010014e-04]
 [ 0.00000000e+00  0.00000000e+00  5.00000000e+00 -8.18267278e-03
   1.06622558e-02  5.52276615e-03  1.68339722e-02  1.95825789e-02
   6.01329863e-01  7.98583448e-01  9.41768085e-05 -6.16738689e-04
   1.81862793e-04]
 [ 0.00000000e+00  0.00000000e+00  5.00000000e+00 -8.58793221e-03
   1.12066763e-02  5.79401106e-03  1.68339722e-02  1.95825789e-02
   6.01329863e-01  7.98583448e-01  9.41768085e-05 -6.16738689e-04
   1.81862793e-04]
 [ 0.00000000e+00  0.00000000e+00  5.00000000e+00 -8.58793221e-03
   1.12066763e-02  5.79401106e-03  1.68339722e-02  1.95825789e-02
   6.01329863e-01  7.98583448e-01  8.14540690e-05 -5.93315810e-04
   2.42282840e-04]
 [ 0.00000000e+00  0.00000000e+00  5.00000000e+00 -8.98266677e-03
   1.17443968e-02  6.05744123e-03  1.68339722e-02  1.95825789e-02
   6.01329863e-01  7.98583448e-01  8.14540690e-05 -5.93315810e-04
   2.42282840e-04]
 [ 0.00000000e+00  0.00000000e+00  5.00000000e+00 -9.38541908e-03
   1.22882575e-02  6.31789118e-03  1.68339722e-02  1.95825789e-02
   6.01329863e-01  7.98583448e-01  1.73076551e-05 -2.93070916e-04
   1.13950729e-04]
 [ 0.00000000e+00  0.00000000e+00  5.00000000e+00 -9.38541908e-03
   1.22882575e-02  6.31789118e-03  1.68339722e-02  1.95825789e-02
   6.01329863e-01  7.98583448e-01  1.73076551e-05 -2.93070916e-04
   1.13950729e-04]
 [ 0.00000000e+00  0.00000000e+00  5.00000000e+00 -9.77543369e-03
   1.28182257e-02  6.58055721e-03  1.68343838e-02  1.95828173e-02
   6.01326525e-01  7.98585951e-01  2.71713652e-04 -4.98492736e-04
   2.24156654e-04]
 [ 0.00000000e+00  0.00000000e+00  5.00000000e+00 -1.01673882e-02
   1.33622512e-02  6.84253406e-03  1.68655422e-02  1.95670482e-02
   6.01000786e-01  7.98830867e-01  2.71713652e-04 -4.98492736e-04
   2.24156654e-04]
 [ 0.00000000e+00  0.00000000e+00  5.00000000e+00 -1.05419215e-02
   1.39085036e-02  7.09930668e-03  1.68655422e-02  1.95670482e-02
   6.01000786e-01  7.98830867e-01  3.42324260e-04 -3.13670258e-04
  -4.50506523e-05]
 [ 0.00000000e+00  0.00000000e+00  5.00000000e+00 -1.05419215e-02
   1.39085036e-02  7.09930668e-03  1.68655422e-02  1.95670482e-02
   6.01000786e-01  7.98830867e-01  3.42324260e-04 -3.13670258e-04
  -4.50506523e-05]]
self.u_target_traj:[[0. 0. 0. 0.]
 [0. 0. 0. 0.]
 [0. 0. 0. 0.]
 [0. 0. 0. 0.]
 [0. 0. 0. 0.]
 [0. 0. 0. 0.]
 [0. 0. 0. 0.]
 [0. 0. 0. 0.]
 [0. 0. 0. 0.]
 [0. 0. 0. 0.]]
x0:[-6.89085038e-01  1.06954111e+00 -1.20680430e+02 -1.25725277e-01
  1.90675689e-01 -3.35465938e+01  1.68997542e-02  2.13201013e-02
  5.96872644e-01  8.01874596e-01  9.80986719e-05 -1.69720588e-04
  1.90518560e-04]
u_init:[[ 0.       36.760727  0.       36.760727]
 [ 0.       36.760727  0.       36.760727]
 [ 0.       36.760727  0.       36.760727]
 [ 0.       36.760727  0.       36.760727]
 [ 0.       36.760727  0.       36.760727]
 [ 0.       36.760727  0.       36.760727]
 [ 0.       36.760727  0.       36.760727]
 [ 0.       36.760727  0.       36.760727]
 [ 0.       36.760727  0.       36.760727]
 [ 0.       36.760727  0.       36.760727]]
self.x_target_traj:[[ 0.0000000e+00  0.0000000e+00  5.0000000e+00 -3.7902445e-01
   5.4209059e-01  3.7218302e-01  1.6951114e-02  2.1931631e-02
   5.9920973e-01  8.0011213e-01  9.4271760e-05  2.5819289e-05
   2.1714065e-04]
 [ 0.0000000e+00  0.0000000e+00  5.0000000e+00 -3.7902445e-01
   5.4209059e-01  3.7218302e-01  1.6951114e-02  2.1931631e-02
   5.9920973e-01  8.0011213e-01  6.6840352e-05 -1.1085265e-04
  -4.2652136e-06]
 [ 0.0000000e+00  0.0000000e+00  5.0000000e+00 -3.7950191e-01
   5.4262054e-01  3.7253588e-01  1.6951114e-02  2.1931631e-02
   5.9920973e-01  8.0011213e-01  6.6840352e-05 -1.1085265e-04
  -4.2652136e-06]
 [ 0.0000000e+00  0.0000000e+00  5.0000000e+00 -3.7997288e-01
   5.4314303e-01  3.7288460e-01  1.6948275e-02  2.1953866e-02
   5.9930497e-01  8.0004025e-01  2.7340170e-04 -5.7034078e-05
   2.3324747e-04]
 [ 0.0000000e+00  0.0000000e+00  5.0000000e+00 -3.7997288e-01
   5.4314303e-01  3.7288460e-01  1.6948275e-02  2.1953866e-02
   5.9930497e-01  8.0004025e-01  2.7340170e-04 -5.7034078e-05
   2.3324747e-04]
 [ 0.0000000e+00  0.0000000e+00  5.0000000e+00 -3.7997288e-01
   5.4314303e-01  3.7288460e-01  1.6948275e-02  2.1953866e-02
   5.9930497e-01  8.0004025e-01  2.7340170e-04 -5.7034078e-05
   2.3324747e-04]
 [ 0.0000000e+00  0.0000000e+00  5.0000000e+00 -3.8045010e-01
   5.4366553e-01  3.7322196e-01  1.6933177e-02  2.1926992e-02
   5.9936041e-01  7.9999971e-01 -1.6593130e-04 -3.6262674e-05
   8.2699793e-05]
 [ 0.0000000e+00  0.0000000e+00  5.0000000e+00 -3.8091737e-01
   5.4418945e-01  3.7357461e-01  1.6933177e-02  2.1926992e-02
   5.9936041e-01  7.9999971e-01  3.8617643e-04 -1.5419687e-04
  -3.6177044e-05]
 [ 0.0000000e+00  0.0000000e+00  5.0000000e+00 -3.8091737e-01
   5.4418945e-01  3.7357461e-01  1.6933177e-02  2.1926992e-02
   5.9936041e-01  7.9999971e-01  3.8617643e-04 -1.5419687e-04
  -3.6177044e-05]
 [ 0.0000000e+00  0.0000000e+00  5.0000000e+00 -3.8138801e-01
   5.4470080e-01  3.7392986e-01  1.6933177e-02  2.1926992e-02
   5.9936041e-01  7.9999971e-01  1.3948427e-04 -2.4204480e-04
   6.2074112e-05]
 [ 0.0000000e+00  0.0000000e+00  5.0000000e+00 -3.8138801e-01
   5.4470080e-01  3.7392986e-01  1.6933177e-02  2.1926992e-02
   5.9936041e-01  7.9999971e-01  1.3948427e-04 -2.4204480e-04
   6.2074112e-05]]
self.u_target_traj:[[0. 0. 0. 0.]
 [0. 0. 0. 0.]
 [0. 0. 0. 0.]
 [0. 0. 0. 0.]
 [0. 0. 0. 0.]
 [0. 0. 0. 0.]
 [0. 0. 0. 0.]
 [0. 0. 0. 0.]
 [0. 0. 0. 0.]
 [0. 0. 0. 0.]]
x0:[-7.02158591e-01  1.08917691e+00 -1.22824288e+02 -1.26758926e-01
  1.91906399e-01 -3.37742047e+01  1.68971825e-02  2.13386555e-02
  5.96899556e-01  8.01854126e-01  9.78947990e-05 -1.69147443e-04
  1.89659439e-04]
u_init:[[ 0.       36.760727  0.       36.760727]
 [ 0.       36.760727  0.       36.760727]
 [ 0.       36.760727  0.       36.760727]
 [ 0.       36.760727  0.       36.760727]
 [ 0.       36.760727  0.       36.760727]
 [ 0.       36.760727  0.       36.760727]
 [ 0.       36.760727  0.       36.760727]
 [ 0.       36.760727  0.       36.760727]
 [ 0.       36.760727  0.       36.760727]
 [ 0.       36.760727  0.       36.760727]]
self.x_target_traj:[[ 0.0000000e+00  0.0000000e+00  5.0000000e+00 -3.8374472e-01
   5.4729128e-01  3.7568283e-01  1.6900165e-02  2.1926830e-02
   5.9914130e-01  8.0016458e-01  1.1233788e-06 -2.7343933e-04
   2.0002839e-04]
 [ 0.0000000e+00  0.0000000e+00  5.0000000e+00 -3.8421395e-01
   5.4781216e-01  3.7602642e-01  1.6900165e-02  2.1926830e-02
   5.9914130e-01  8.0016458e-01  2.3705277e-04 -3.7675491e-06
   1.5495770e-04]
 [ 0.0000000e+00  0.0000000e+00  5.0000000e+00 -3.8514924e-01
   5.4884332e-01  3.7675720e-01  1.6900165e-02  2.1926830e-02
   5.9914130e-01  8.0016458e-01  1.0019852e-04 -2.7909339e-04
   1.1717762e-04]
 [ 0.0000000e+00  0.0000000e+00  5.0000000e+00 -3.8514924e-01
   5.4884332e-01  3.7675720e-01  1.6900165e-02  2.1926830e-02
   5.9914130e-01  8.0016458e-01  1.0019852e-04 -2.7909339e-04
   1.1717762e-04]
 [ 0.0000000e+00  0.0000000e+00  5.0000000e+00 -3.8514924e-01
   5.4884332e-01  3.7675720e-01  1.6900165e-02  2.1926830e-02
   5.9914130e-01  8.0016458e-01  4.8856484e-05 -2.7125818e-05
   1.3887626e-04]
 [ 0.0000000e+00  0.0000000e+00  5.0000000e+00 -3.8561398e-01
   5.4935497e-01  3.7712833e-01  1.6894566e-02  2.1945337e-02
   5.9921610e-01  8.0010813e-01  4.8856484e-05 -2.7125818e-05
   1.3887626e-04]
 [ 0.0000000e+00  0.0000000e+00  5.0000000e+00 -3.8609090e-01
   5.4988080e-01  3.7750095e-01  1.6894566e-02  2.1945337e-02
   5.9921610e-01  8.0010813e-01  4.2893749e-05 -1.2130861e-04
   6.4925327e-05]
 [ 0.0000000e+00  0.0000000e+00  5.0000000e+00 -3.8655406e-01
   5.5039054e-01  3.7786964e-01  1.6894566e-02  2.1945337e-02
   5.9921610e-01  8.0010813e-01  4.2893749e-05 -1.2130861e-04
   6.4925327e-05]
 [ 0.0000000e+00  0.0000000e+00  5.0000000e+00 -3.8655406e-01
   5.5039054e-01  3.7786964e-01  1.6894566e-02  2.1945337e-02
   5.9921610e-01  8.0010813e-01 -6.1941682e-06 -4.9792696e-05
   3.5940910e-05]
 [ 0.0000000e+00  0.0000000e+00  5.0000000e+00 -3.8701534e-01
   5.5089116e-01  3.7824428e-01  1.6894566e-02  2.1945337e-02
   5.9921610e-01  8.0010813e-01 -6.1941682e-06 -4.9792696e-05
   3.5940910e-05]
 [ 0.0000000e+00  0.0000000e+00  5.0000000e+00 -3.8701534e-01
   5.5089116e-01  3.7824428e-01  1.6894566e-02  2.1945337e-02
   5.9921610e-01  8.0010813e-01 -6.1941682e-06 -4.9792696e-05
   3.5940910e-05]]
self.u_target_traj:[[0. 0. 0. 0.]
 [0. 0. 0. 0.]
 [0. 0. 0. 0.]
 [0. 0. 0. 0.]
 [0. 0. 0. 0.]
 [0. 0. 0. 0.]
 [0. 0. 0. 0.]
 [0. 0. 0. 0.]
 [0. 0. 0. 0.]
 [0. 0. 0. 0.]]
x0:[-7.18006357e-01  1.11292353e+00 -1.25414686e+02 -1.27996958e-01
  1.93368381e-01 -3.40451711e+01  1.68929737e-02  2.13602261e-02
  5.96927001e-01  8.01833211e-01  9.78206513e-05 -1.68117212e-04
  1.89191558e-04]
u_init:[[ 0.       36.760742  0.       36.760693]
 [ 0.       36.760742  0.       36.760693]
 [ 0.       36.760742  0.       36.760693]
 [ 0.       36.760742  0.       36.760693]
 [ 0.       36.760742  0.       36.760693]
 [ 0.       36.760742  0.       36.760693]
 [ 0.       36.760742  0.       36.760693]
 [ 0.       36.760742  0.       36.760693]
 [ 0.       36.760742  0.       36.760693]
 [ 0.       36.760742  0.       36.760693]]
self.x_target_traj:[[ 0.00000000e+00  0.00000000e+00  5.00000000e+00 -3.89337808e-01
   5.53426147e-01  3.80169183e-01  1.68114975e-02  2.19147485e-02
   5.98826051e-01  8.00402701e-01 -6.79871009e-05  1.53718283e-05
   1.26940169e-04]
 [ 0.00000000e+00  0.00000000e+00  5.00000000e+00 -3.89802426e-01
   5.53932428e-01  3.80557954e-01  1.67768188e-02  2.18692366e-02
   5.98765790e-01  8.00449729e-01 -6.79871009e-05  1.53718283e-05
   1.26940169e-04]
 [ 0.00000000e+00  0.00000000e+00  5.00000000e+00 -3.89802426e-01
   5.53932428e-01  3.80557954e-01  1.67768188e-02  2.18692366e-02
   5.98765790e-01  8.00449729e-01 -6.79871009e-05  1.53718283e-05
   1.26940169e-04]
 [ 0.00000000e+00  0.00000000e+00  5.00000000e+00 -3.89802426e-01
   5.53932428e-01  3.80557954e-01  1.67768188e-02  2.18692366e-02
   5.98765790e-01  8.00449729e-01  1.81834301e-04 -9.37789446e-05
   1.44007208e-04]
 [ 0.00000000e+00  0.00000000e+00  5.00000000e+00 -3.90281886e-01
   5.54442704e-01  3.80928904e-01  1.67768188e-02  2.18692366e-02
   5.98765790e-01  8.00449729e-01  1.81834301e-04 -9.37789446e-05
   1.44007208e-04]
 [ 0.00000000e+00  0.00000000e+00  5.00000000e+00 -3.90761793e-01
   5.54960787e-01  3.81310582e-01  1.67768188e-02  2.18692366e-02
   5.98765790e-01  8.00449729e-01 -1.66808313e-05 -1.44240330e-04
   3.41326595e-05]
 [ 0.00000000e+00  0.00000000e+00  5.00000000e+00 -3.91241759e-01
   5.55478096e-01  3.81676942e-01  1.67768188e-02  2.18692366e-02
   5.98765790e-01  8.00449729e-01 -4.67530044e-05 -1.16536045e-04
   1.04737883e-04]
 [ 0.00000000e+00  0.00000000e+00  5.00000000e+00 -3.91241759e-01
   5.55478096e-01  3.81676942e-01  1.67768188e-02  2.18692366e-02
   5.98765790e-01  8.00449729e-01 -4.67530044e-05 -1.16536045e-04
   1.04737883e-04]
 [ 0.00000000e+00  0.00000000e+00  5.00000000e+00 -3.91710281e-01
   5.55988848e-01  3.82043332e-01  1.67644694e-02  2.18450110e-02
   5.98928928e-01  8.00328612e-01 -1.11593923e-04 -1.75902736e-04
   2.20001748e-05]
 [ 0.00000000e+00  0.00000000e+00  5.00000000e+00 -3.91710281e-01
   5.55988848e-01  3.82043332e-01  1.67644694e-02  2.18450110e-02
   5.98928928e-01  8.00328612e-01 -1.11593923e-04 -1.75902736e-04
   2.20001748e-05]
 [ 0.00000000e+00  0.00000000e+00  5.00000000e+00 -3.91710281e-01
   5.55988848e-01  3.82043332e-01  1.67644694e-02  2.18450110e-02
   5.98928928e-01  8.00328612e-01 -1.11593923e-04 -1.75902736e-04
   2.20001748e-05]]
self.u_target_traj:[[0. 0. 0. 0.]
 [0. 0. 0. 0.]
 [0. 0. 0. 0.]
 [0. 0. 0. 0.]
 [0. 0. 0. 0.]
 [0. 0. 0. 0.]
 [0. 0. 0. 0.]
 [0. 0. 0. 0.]
 [0. 0. 0. 0.]
 [0. 0. 0. 0.]]
x0:[-7.36715569e-01  1.14087933e+00 -1.28461072e+02 -1.29437526e-01
  1.95052907e-01 -3.43583388e+01  1.68874571e-02  2.13840635e-02
  5.96963092e-01  8.01805819e-01  9.68273701e-05 -1.67557453e-04
  1.88344625e-04]
u_init:[[ 0.       36.760742  0.       36.760693]
 [ 0.       36.760742  0.       36.760693]
 [ 0.       36.760742  0.       36.760693]
 [ 0.       36.760742  0.       36.760693]
 [ 0.       36.760742  0.       36.760693]
 [ 0.       36.760742  0.       36.760693]
 [ 0.       36.760742  0.       36.760693]
 [ 0.       36.760742  0.       36.760693]
 [ 0.       36.760742  0.       36.760693]
 [ 0.       36.760742  0.       36.760693]]
self.x_target_traj:[[ 0.0000000e+00  0.0000000e+00  5.0000000e+00 -3.9592609e-01
   5.6058770e-01  3.8536033e-01  1.6760310e-02  2.1835255e-02
   5.9933269e-01  8.0002666e-01  1.5193183e-04  2.1788641e-05
   6.4387954e-05]
 [ 0.0000000e+00  0.0000000e+00  5.0000000e+00 -3.9641240e-01
   5.6109095e-01  3.8573912e-01  1.6760310e-02  2.1835255e-02
   5.9933269e-01  8.0002666e-01  1.4577847e-04 -1.2608944e-04
   1.6429339e-04]
 [ 0.0000000e+00  0.0000000e+00  5.0000000e+00 -3.9690286e-01
   5.6160104e-01  3.8610980e-01  1.6760310e-02  2.1835255e-02
   5.9933269e-01  8.0002666e-01 -9.1286405e-05 -3.1425385e-04
   9.9568722e-05]
 [ 0.0000000e+00  0.0000000e+00  5.0000000e+00 -3.9739791e-01
   5.6209874e-01  3.8647696e-01  1.6760310e-02  2.1835255e-02
   5.9933269e-01  8.0002666e-01 -4.9029710e-05 -3.0138809e-04
   1.7512709e-04]
 [ 0.0000000e+00  0.0000000e+00  5.0000000e+00 -3.9789009e-01
   5.6261522e-01  3.8684544e-01  1.6760310e-02  2.1835255e-02
   5.9933269e-01  8.0002666e-01 -2.0384276e-04 -3.6798557e-04
   1.9247775e-04]
 [ 0.0000000e+00  0.0000000e+00  5.0000000e+00 -3.9887524e-01
   5.6364173e-01  3.8757846e-01  1.6746216e-02  2.1850428e-02
   5.9986007e-01  7.9963118e-01 -2.0384276e-04 -3.6798557e-04
   1.9247775e-04]
 [ 0.0000000e+00  0.0000000e+00  5.0000000e+00 -3.9936194e-01
   5.6416357e-01  3.8796851e-01  1.6746216e-02  2.1850428e-02
   5.9986007e-01  7.9963118e-01  3.2846059e-05 -3.4066848e-05
   2.1624117e-04]
 [ 0.0000000e+00  0.0000000e+00  5.0000000e+00 -3.9985338e-01
   5.6469959e-01  3.8834941e-01  1.6746216e-02  2.1850428e-02
   5.9986007e-01  7.9963118e-01 -6.7671994e-05 -8.5417414e-06
   1.0607477e-04]
 [ 0.0000000e+00  0.0000000e+00  5.0000000e+00 -3.9985338e-01
   5.6469959e-01  3.8834941e-01  1.6746216e-02  2.1850428e-02
   5.9986007e-01  7.9963118e-01 -6.7671994e-05 -8.5417414e-06
   1.0607477e-04]
 [ 0.0000000e+00  0.0000000e+00  5.0000000e+00 -4.0034130e-01
   5.6523937e-01  3.8872764e-01  1.6745534e-02  2.1841789e-02
   6.0006475e-01  7.9947788e-01 -4.4338492e-05 -1.0859454e-04
   3.7151747e-04]
 [ 0.0000000e+00  0.0000000e+00  5.0000000e+00 -4.0034130e-01
   5.6523937e-01  3.8872764e-01  1.6745534e-02  2.1841789e-02
   6.0006475e-01  7.9947788e-01 -4.4338492e-05 -1.0859454e-04
   3.7151747e-04]]
self.u_target_traj:[[0. 0. 0. 0.]
 [0. 0. 0. 0.]
 [0. 0. 0. 0.]
 [0. 0. 0. 0.]
 [0. 0. 0. 0.]
 [0. 0. 0. 0.]
 [0. 0. 0. 0.]
 [0. 0. 0. 0.]
 [0. 0. 0. 0.]
 [0. 0. 0. 0.]]
x0:[-7.55662237e-01  1.16910374e+00 -1.31533278e+02 -1.30876091e-01
  1.96716030e-01 -3.46683558e+01  1.68819139e-02  2.14073373e-02
  5.97009492e-01  8.01770764e-01  9.56473444e-05 -1.67529811e-04
  1.87663213e-04]
u_init:[[ 0.      36.76075  0.      36.7607 ]
 [ 0.      36.76075  0.      36.7607 ]
 [ 0.      36.76075  0.      36.7607 ]
 [ 0.      36.76075  0.      36.7607 ]
 [ 0.      36.76075  0.      36.7607 ]
 [ 0.      36.76075  0.      36.7607 ]
 [ 0.      36.76075  0.      36.7607 ]
 [ 0.      36.76075  0.      36.7607 ]
 [ 0.      36.76075  0.      36.7607 ]
 [ 0.      36.76075  0.      36.7607 ]]
self.x_target_traj:[[ 0.0000000e+00  0.0000000e+00  5.0000000e+00 -4.0331548e-01
   5.6845063e-01  3.9103940e-01  1.6753048e-02  2.1807525e-02
   6.0017425e-01  7.9939646e-01  2.6451005e-04 -3.0674017e-04
   3.1079279e-04]
 [ 0.0000000e+00  0.0000000e+00  5.0000000e+00 -4.0331548e-01
   5.6845063e-01  3.9103940e-01  1.6753048e-02  2.1807525e-02
   6.0017425e-01  7.9939646e-01  2.6451005e-04 -3.0674017e-04
   3.1079279e-04]
 [ 0.0000000e+00  0.0000000e+00  5.0000000e+00 -4.0331548e-01
   5.6845063e-01  3.9103940e-01  1.6753048e-02  2.1807525e-02
   6.0017425e-01  7.9939646e-01  2.6451005e-04 -3.0674017e-04
   3.1079279e-04]
 [ 0.0000000e+00  0.0000000e+00  5.0000000e+00 -4.0331548e-01
   5.6845063e-01  3.9103940e-01  1.6753048e-02  2.1807525e-02
   6.0017425e-01  7.9939646e-01  2.6451005e-04 -3.0674017e-04
   3.1079279e-04]
 [ 0.0000000e+00  0.0000000e+00  5.0000000e+00 -4.0331548e-01
   5.6845063e-01  3.9103940e-01  1.6753048e-02  2.1807525e-02
   6.0017425e-01  7.9939646e-01  2.6451005e-04 -3.0674017e-04
   3.1079279e-04]
 [ 0.0000000e+00  0.0000000e+00  5.0000000e+00 -4.0331548e-01
   5.6845063e-01  3.9103940e-01  1.6753048e-02  2.1807525e-02
   6.0017425e-01  7.9939646e-01  2.6451005e-04 -3.0674017e-04
   3.1079279e-04]
 [ 0.0000000e+00  0.0000000e+00  5.0000000e+00 -4.0331548e-01
   5.6845063e-01  3.9103940e-01  1.6753048e-02  2.1807525e-02
   6.0017425e-01  7.9939646e-01  2.6451005e-04 -3.0674017e-04
   3.1079279e-04]
 [ 0.0000000e+00  0.0000000e+00  5.0000000e+00 -4.0331548e-01
   5.6845063e-01  3.9103940e-01  1.6753048e-02  2.1807525e-02
   6.0017425e-01  7.9939646e-01  2.6451005e-04 -3.0674017e-04
   3.1079279e-04]
 [ 0.0000000e+00  0.0000000e+00  5.0000000e+00 -4.0331548e-01
   5.6845063e-01  3.9103940e-01  1.6753048e-02  2.1807525e-02
   6.0017425e-01  7.9939646e-01  2.6451005e-04 -3.0674017e-04
   3.1079279e-04]
 [ 0.0000000e+00  0.0000000e+00  5.0000000e+00 -4.0331548e-01
   5.6845063e-01  3.9103940e-01  1.6753048e-02  2.1807525e-02
   6.0017425e-01  7.9939646e-01  2.6451005e-04 -3.0674017e-04
   3.1079279e-04]
 [ 0.0000000e+00  0.0000000e+00  5.0000000e+00 -4.0331548e-01
   5.6845063e-01  3.9103940e-01  1.6753048e-02  2.1807525e-02
   6.0017425e-01  7.9939646e-01  2.6451005e-04 -3.0674017e-04
   3.1079279e-04]]
self.u_target_traj:[[0. 0. 0. 0.]
 [0. 0. 0. 0.]
 [0. 0. 0. 0.]
 [0. 0. 0. 0.]
 [0. 0. 0. 0.]
 [0. 0. 0. 0.]
 [0. 0. 0. 0.]
 [0. 0. 0. 0.]
 [0. 0. 0. 0.]
 [0. 0. 0. 0.]]
