============= phase: init=============
[mpc_control_loop] END phase: init, duration: 0.002 s
============= phase: init=============
[mpc_control_loop] END phase: init, duration: 0.006 s
============= phase: init=============
[mpc_control_loop] END phase: init, duration: 0.001 s
============= phase: init=============
[mpc_control_loop] END phase: init, duration: 0.002 s
============= phase: init=============
[mpc_control_loop] END phase: init, duration: 0.001 s
============= phase: init=============
[mpc_control_loop] END phase: init, duration: 0.002 s
============= phase: init=============
[mpc_control_loop] END phase: init, duration: 0.002 s
============= phase: init=============
[mpc_control_loop] END phase: init, duration: 0.003 s
============= phase: init=============
[mpc_control_loop] END phase: init, duration: 0.002 s
============= phase: init=============
[mpc_control_loop] END phase: init, duration: 0.001 s
============= phase: init=============
[mpc_control_loop] END phase: init, duration: 0.002 s
============= phase: init=============
[mpc_control_loop] END phase: init, duration: 0.002 s
============= phase: init=============
[mpc_control_loop] END phase: init, duration: 0.002 s
============= phase: init=============
takeoff
current_time=1747149104.8950949
x0=[ 0.0000000e+00  0.0000000e+00 -9.7141579e-02  0.0000000e+00
  0.0000000e+00 -1.1663172e+00  4.0014475e-06  0.0000000e+00
  0.0000000e+00  1.0000000e+00  0.0000000e+00  0.0000000e+00
  0.0000000e+00]
u_init=[[0. 0. 0. 0.]
 [0. 0. 0. 0.]
 [0. 0. 0. 0.]
 [0. 0. 0. 0.]
 [0. 0. 0. 0.]
 [0. 0. 0. 0.]
 [0. 0. 0. 0.]
 [0. 0. 0. 0.]
 [0. 0. 0. 0.]
 [0. 0. 0. 0.]
 [0. 0. 0. 0.]
 [0. 0. 0. 0.]
 [0. 0. 0. 0.]
 [0. 0. 0. 0.]
 [0. 0. 0. 0.]
 [0. 0. 0. 0.]
 [0. 0. 0. 0.]
 [0. 0. 0. 0.]
 [0. 0. 0. 0.]
 [0. 0. 0. 0.]
 [0. 0. 0. 0.]
 [0. 0. 0. 0.]
 [0. 0. 0. 0.]
 [0. 0. 0. 0.]
 [0. 0. 0. 0.]
 [0. 0. 0. 0.]
 [0. 0. 0. 0.]
 [0. 0. 0. 0.]
 [0. 0. 0. 0.]
 [0. 0. 0. 0.]
 [0. 0. 0. 0.]
 [0. 0. 0. 0.]
 [0. 0. 0. 0.]
 [0. 0. 0. 0.]
 [0. 0. 0. 0.]
 [0. 0. 0. 0.]
 [0. 0. 0. 0.]
 [0. 0. 0. 0.]
 [0. 0. 0. 0.]
 [0. 0. 0. 0.]
 [0. 0. 0. 0.]
 [0. 0. 0. 0.]
 [0. 0. 0. 0.]
 [0. 0. 0. 0.]
 [0. 0. 0. 0.]
 [0. 0. 0. 0.]
 [0. 0. 0. 0.]
 [0. 0. 0. 0.]
 [0. 0. 0. 0.]
 [0. 0. 0. 0.]]
                                         x_target_traj=[[0. 0. 5. 0. 0. 0. 0. 0. 0. 1. 0. 0. 0.]
 [0. 0. 5. 0. 0. 0. 0. 0. 0. 1. 0. 0. 0.]
 [0. 0. 5. 0. 0. 0. 0. 0. 0. 1. 0. 0. 0.]
 [0. 0. 5. 0. 0. 0. 0. 0. 0. 1. 0. 0. 0.]
 [0. 0. 5. 0. 0. 0. 0. 0. 0. 1. 0. 0. 0.]
 [0. 0. 5. 0. 0. 0. 0. 0. 0. 1. 0. 0. 0.]
 [0. 0. 5. 0. 0. 0. 0. 0. 0. 1. 0. 0. 0.]
 [0. 0. 5. 0. 0. 0. 0. 0. 0. 1. 0. 0. 0.]
 [0. 0. 5. 0. 0. 0. 0. 0. 0. 1. 0. 0. 0.]
 [0. 0. 5. 0. 0. 0. 0. 0. 0. 1. 0. 0. 0.]
 [0. 0. 5. 0. 0. 0. 0. 0. 0. 1. 0. 0. 0.]
 [0. 0. 5. 0. 0. 0. 0. 0. 0. 1. 0. 0. 0.]
 [0. 0. 5. 0. 0. 0. 0. 0. 0. 1. 0. 0. 0.]
 [0. 0. 5. 0. 0. 0. 0. 0. 0. 1. 0. 0. 0.]
 [0. 0. 5. 0. 0. 0. 0. 0. 0. 1. 0. 0. 0.]
 [0. 0. 5. 0. 0. 0. 0. 0. 0. 1. 0. 0. 0.]
 [0. 0. 5. 0. 0. 0. 0. 0. 0. 1. 0. 0. 0.]
 [0. 0. 5. 0. 0. 0. 0. 0. 0. 1. 0. 0. 0.]
 [0. 0. 5. 0. 0. 0. 0. 0. 0. 1. 0. 0. 0.]
 [0. 0. 5. 0. 0. 0. 0. 0. 0. 1. 0. 0. 0.]
 [0. 0. 5. 0. 0. 0. 0. 0. 0. 1. 0. 0. 0.]
 [0. 0. 5. 0. 0. 0. 0. 0. 0. 1. 0. 0. 0.]
 [0. 0. 5. 0. 0. 0. 0. 0. 0. 1. 0. 0. 0.]
 [0. 0. 5. 0. 0. 0. 0. 0. 0. 1. 0. 0. 0.]
 [0. 0. 5. 0. 0. 0. 0. 0. 0. 1. 0. 0. 0.]
 [0. 0. 5. 0. 0. 0. 0. 0. 0. 1. 0. 0. 0.]
 [0. 0. 5. 0. 0. 0. 0. 0. 0. 1. 0. 0. 0.]
 [0. 0. 5. 0. 0. 0. 0. 0. 0. 1. 0. 0. 0.]
 [0. 0. 5. 0. 0. 0. 0. 0. 0. 1. 0. 0. 0.]
 [0. 0. 5. 0. 0. 0. 0. 0. 0. 1. 0. 0. 0.]
 [0. 0. 5. 0. 0. 0. 0. 0. 0. 1. 0. 0. 0.]
 [0. 0. 5. 0. 0. 0. 0. 0. 0. 1. 0. 0. 0.]
 [0. 0. 5. 0. 0. 0. 0. 0. 0. 1. 0. 0. 0.]
 [0. 0. 5. 0. 0. 0. 0. 0. 0. 1. 0. 0. 0.]
 [0. 0. 5. 0. 0. 0. 0. 0. 0. 1. 0. 0. 0.]
 [0. 0. 5. 0. 0. 0. 0. 0. 0. 1. 0. 0. 0.]
 [0. 0. 5. 0. 0. 0. 0. 0. 0. 1. 0. 0. 0.]
 [0. 0. 5. 0. 0. 0. 0. 0. 0. 1. 0. 0. 0.]
 [0. 0. 5. 0. 0. 0. 0. 0. 0. 1. 0. 0. 0.]
 [0. 0. 5. 0. 0. 0. 0. 0. 0. 1. 0. 0. 0.]
 [0. 0. 5. 0. 0. 0. 0. 0. 0. 1. 0. 0. 0.]
 [0. 0. 5. 0. 0. 0. 0. 0. 0. 1. 0. 0. 0.]
 [0. 0. 5. 0. 0. 0. 0. 0. 0. 1. 0. 0. 0.]
 [0. 0. 5. 0. 0. 0. 0. 0. 0. 1. 0. 0. 0.]
 [0. 0. 5. 0. 0. 0. 0. 0. 0. 1. 0. 0. 0.]
 [0. 0. 5. 0. 0. 0. 0. 0. 0. 1. 0. 0. 0.]
 [0. 0. 5. 0. 0. 0. 0. 0. 0. 1. 0. 0. 0.]
 [0. 0. 5. 0. 0. 0. 0. 0. 0. 1. 0. 0. 0.]
 [0. 0. 5. 0. 0. 0. 0. 0. 0. 1. 0. 0. 0.]
 [0. 0. 5. 0. 0. 0. 0. 0. 0. 1. 0. 0. 0.]
 [0. 0. 5. 0. 0. 0. 0. 0. 0. 1. 0. 0. 0.]]
 u_target_traj=[[0. 0. 0. 0.]
 [0. 0. 0. 0.]
 [0. 0. 0. 0.]
 [0. 0. 0. 0.]
 [0. 0. 0. 0.]
 [0. 0. 0. 0.]
 [0. 0. 0. 0.]
 [0. 0. 0. 0.]
 [0. 0. 0. 0.]
 [0. 0. 0. 0.]
 [0. 0. 0. 0.]
 [0. 0. 0. 0.]
 [0. 0. 0. 0.]
 [0. 0. 0. 0.]
 [0. 0. 0. 0.]
 [0. 0. 0. 0.]
 [0. 0. 0. 0.]
 [0. 0. 0. 0.]
 [0. 0. 0. 0.]
 [0. 0. 0. 0.]
 [0. 0. 0. 0.]
 [0. 0. 0. 0.]
 [0. 0. 0. 0.]
 [0. 0. 0. 0.]
 [0. 0. 0. 0.]
 [0. 0. 0. 0.]
 [0. 0. 0. 0.]
 [0. 0. 0. 0.]
 [0. 0. 0. 0.]
 [0. 0. 0. 0.]
 [0. 0. 0. 0.]
 [0. 0. 0. 0.]
 [0. 0. 0. 0.]
 [0. 0. 0. 0.]
 [0. 0. 0. 0.]
 [0. 0. 0. 0.]
 [0. 0. 0. 0.]
 [0. 0. 0. 0.]
 [0. 0. 0. 0.]
 [0. 0. 0. 0.]
 [0. 0. 0. 0.]
 [0. 0. 0. 0.]
 [0. 0. 0. 0.]
 [0. 0. 0. 0.]
 [0. 0. 0. 0.]
 [0. 0. 0. 0.]
 [0. 0. 0. 0.]
 [0. 0. 0. 0.]
 [0. 0. 0. 0.]
 [0. 0. 0. 0.]]
[mpc_control_loop] END phase: takeoff, duration: 68.809 s
============= phase: takeoff=============
takeoff
current_time=1747149173.7066765
x0=[-7.8745306e-01 -1.5297283e-01 -4.2902660e+01 -2.8738970e-01
 -5.9111375e-02 -2.1950382e+01  1.4781081e-02  3.9765116e-02
  5.7806593e-01  8.1488520e-01  3.3451703e-05 -7.3700307e-05
 -2.1202744e-04]
u_init=[[ 0.      36.7607   0.      36.76077]
 [ 0.      36.7607   0.      36.76077]
 [ 0.      36.7607   0.      36.76077]
 [ 0.      36.7607   0.      36.76077]
 [ 0.      36.7607   0.      36.76077]
 [ 0.      36.7607   0.      36.76077]
 [ 0.      36.7607   0.      36.76077]
 [ 0.      36.7607   0.      36.76077]
 [ 0.      36.7607   0.      36.76077]
 [ 0.      36.7607   0.      36.76077]
 [ 0.      36.7607   0.      36.76077]
 [ 0.      36.7607   0.      36.76077]
 [ 0.      36.7607   0.      36.76077]
 [ 0.      36.7607   0.      36.76077]
 [ 0.      36.7607   0.      36.76077]
 [ 0.      36.7607   0.      36.76077]
 [ 0.      36.7607   0.      36.76077]
 [ 0.      36.7607   0.      36.76077]
 [ 0.      36.7607   0.      36.76077]
 [ 0.      36.7607   0.      36.76077]
 [ 0.      36.7607   0.      36.76077]
 [ 0.      36.7607   0.      36.76077]
 [ 0.      36.7607   0.      36.76077]
 [ 0.      36.7607   0.      36.76077]
 [ 0.      36.7607   0.      36.76077]
 [ 0.      36.7607   0.      36.76077]
 [ 0.      36.7607   0.      36.76077]
 [ 0.      36.7607   0.      36.76077]
 [ 0.      36.7607   0.      36.76077]
 [ 0.      36.7607   0.      36.76077]
 [ 0.      36.7607   0.      36.76077]
 [ 0.      36.7607   0.      36.76077]
 [ 0.      36.7607   0.      36.76077]
 [ 0.      36.7607   0.      36.76077]
 [ 0.      36.7607   0.      36.76077]
 [ 0.      36.7607   0.      36.76077]
 [ 0.      36.7607   0.      36.76077]
 [ 0.      36.7607   0.      36.76077]
 [ 0.      36.7607   0.      36.76077]
 [ 0.      36.7607   0.      36.76077]
 [ 0.      36.7607   0.      36.76077]
 [ 0.      36.7607   0.      36.76077]
 [ 0.      36.7607   0.      36.76077]
 [ 0.      36.7607   0.      36.76077]
 [ 0.      36.7607   0.      36.76077]
 [ 0.      36.7607   0.      36.76077]
 [ 0.      36.7607   0.      36.76077]
 [ 0.      36.7607   0.      36.76077]
 [ 0.      36.7607   0.      36.76077]
 [ 0.      36.7607   0.      36.76077]]
                                         x_target_traj=[[-0.78745306 -0.15297283  5.          0.          0.          0.
   0.          0.          0.          1.          0.          0.
   0.        ]
 [-0.78745306 -0.15297283  5.          0.          0.          0.
   0.          0.          0.          1.          0.          0.
   0.        ]
 [-0.78745306 -0.15297283  5.          0.          0.          0.
   0.          0.          0.          1.          0.          0.
   0.        ]
 [-0.78745306 -0.15297283  5.          0.          0.          0.
   0.          0.          0.          1.          0.          0.
   0.        ]
 [-0.78745306 -0.15297283  5.          0.          0.          0.
   0.          0.          0.          1.          0.          0.
   0.        ]
 [-0.78745306 -0.15297283  5.          0.          0.          0.
   0.          0.          0.          1.          0.          0.
   0.        ]
 [-0.78745306 -0.15297283  5.          0.          0.          0.
   0.          0.          0.          1.          0.          0.
   0.        ]
 [-0.78745306 -0.15297283  5.          0.          0.          0.
   0.          0.          0.          1.          0.          0.
   0.        ]
 [-0.78745306 -0.15297283  5.          0.          0.          0.
   0.          0.          0.          1.          0.          0.
   0.        ]
 [-0.78745306 -0.15297283  5.          0.          0.          0.
   0.          0.          0.          1.          0.          0.
   0.        ]
 [-0.78745306 -0.15297283  5.          0.          0.          0.
   0.          0.          0.          1.          0.          0.
   0.        ]
 [-0.78745306 -0.15297283  5.          0.          0.          0.
   0.          0.          0.          1.          0.          0.
   0.        ]
 [-0.78745306 -0.15297283  5.          0.          0.          0.
   0.          0.          0.          1.          0.          0.
   0.        ]
 [-0.78745306 -0.15297283  5.          0.          0.          0.
   0.          0.          0.          1.          0.          0.
   0.        ]
 [-0.78745306 -0.15297283  5.          0.          0.          0.
   0.          0.          0.          1.          0.          0.
   0.        ]
 [-0.78745306 -0.15297283  5.          0.          0.          0.
   0.          0.          0.          1.          0.          0.
   0.        ]
 [-0.78745306 -0.15297283  5.          0.          0.          0.
   0.          0.          0.          1.          0.          0.
   0.        ]
 [-0.78745306 -0.15297283  5.          0.          0.          0.
   0.          0.          0.          1.          0.          0.
   0.        ]
 [-0.78745306 -0.15297283  5.          0.          0.          0.
   0.          0.          0.          1.          0.          0.
   0.        ]
 [-0.78745306 -0.15297283  5.          0.          0.          0.
   0.          0.          0.          1.          0.          0.
   0.        ]
 [-0.78745306 -0.15297283  5.          0.          0.          0.
   0.          0.          0.          1.          0.          0.
   0.        ]
 [-0.78745306 -0.15297283  5.          0.          0.          0.
   0.          0.          0.          1.          0.          0.
   0.        ]
 [-0.78745306 -0.15297283  5.          0.          0.          0.
   0.          0.          0.          1.          0.          0.
   0.        ]
 [-0.78745306 -0.15297283  5.          0.          0.          0.
   0.          0.          0.          1.          0.          0.
   0.        ]
 [-0.78745306 -0.15297283  5.          0.          0.          0.
   0.          0.          0.          1.          0.          0.
   0.        ]
 [-0.78745306 -0.15297283  5.          0.          0.          0.
   0.          0.          0.          1.          0.          0.
   0.        ]
 [-0.78745306 -0.15297283  5.          0.          0.          0.
   0.          0.          0.          1.          0.          0.
   0.        ]
 [-0.78745306 -0.15297283  5.          0.          0.          0.
   0.          0.          0.          1.          0.          0.
   0.        ]
 [-0.78745306 -0.15297283  5.          0.          0.          0.
   0.          0.          0.          1.          0.          0.
   0.        ]
 [-0.78745306 -0.15297283  5.          0.          0.          0.
   0.          0.          0.          1.          0.          0.
   0.        ]
 [-0.78745306 -0.15297283  5.          0.          0.          0.
   0.          0.          0.          1.          0.          0.
   0.        ]
 [-0.78745306 -0.15297283  5.          0.          0.          0.
   0.          0.          0.          1.          0.          0.
   0.        ]
 [-0.78745306 -0.15297283  5.          0.          0.          0.
   0.          0.          0.          1.          0.          0.
   0.        ]
 [-0.78745306 -0.15297283  5.          0.          0.          0.
   0.          0.          0.          1.          0.          0.
   0.        ]
 [-0.78745306 -0.15297283  5.          0.          0.          0.
   0.          0.          0.          1.          0.          0.
   0.        ]
 [-0.78745306 -0.15297283  5.          0.          0.          0.
   0.          0.          0.          1.          0.          0.
   0.        ]
 [-0.78745306 -0.15297283  5.          0.          0.          0.
   0.          0.          0.          1.          0.          0.
   0.        ]
 [-0.78745306 -0.15297283  5.          0.          0.          0.
   0.          0.          0.          1.          0.          0.
   0.        ]
 [-0.78745306 -0.15297283  5.          0.          0.          0.
   0.          0.          0.          1.          0.          0.
   0.        ]
 [-0.78745306 -0.15297283  5.          0.          0.          0.
   0.          0.          0.          1.          0.          0.
   0.        ]
 [-0.78745306 -0.15297283  5.          0.          0.          0.
   0.          0.          0.          1.          0.          0.
   0.        ]
 [-0.78745306 -0.15297283  5.          0.          0.          0.
   0.          0.          0.          1.          0.          0.
   0.        ]
 [-0.78745306 -0.15297283  5.          0.          0.          0.
   0.          0.          0.          1.          0.          0.
   0.        ]
 [-0.78745306 -0.15297283  5.          0.          0.          0.
   0.          0.          0.          1.          0.          0.
   0.        ]
 [-0.78745306 -0.15297283  5.          0.          0.          0.
   0.          0.          0.          1.          0.          0.
   0.        ]
 [-0.78745306 -0.15297283  5.          0.          0.          0.
   0.          0.          0.          1.          0.          0.
   0.        ]
 [-0.78745306 -0.15297283  5.          0.          0.          0.
   0.          0.          0.          1.          0.          0.
   0.        ]
 [-0.78745306 -0.15297283  5.          0.          0.          0.
   0.          0.          0.          1.          0.          0.
   0.        ]
 [-0.78745306 -0.15297283  5.          0.          0.          0.
   0.          0.          0.          1.          0.          0.
   0.        ]
 [-0.78745306 -0.15297283  5.          0.          0.          0.
   0.          0.          0.          1.          0.          0.
   0.        ]
 [-0.78745306 -0.15297283  5.          0.          0.          0.
   0.          0.          0.          1.          0.          0.
   0.        ]]
 u_target_traj=[[0. 0. 0. 0.]
 [0. 0. 0. 0.]
 [0. 0. 0. 0.]
 [0. 0. 0. 0.]
 [0. 0. 0. 0.]
 [0. 0. 0. 0.]
 [0. 0. 0. 0.]
 [0. 0. 0. 0.]
 [0. 0. 0. 0.]
 [0. 0. 0. 0.]
 [0. 0. 0. 0.]
 [0. 0. 0. 0.]
 [0. 0. 0. 0.]
 [0. 0. 0. 0.]
 [0. 0. 0. 0.]
 [0. 0. 0. 0.]
 [0. 0. 0. 0.]
 [0. 0. 0. 0.]
 [0. 0. 0. 0.]
 [0. 0. 0. 0.]
 [0. 0. 0. 0.]
 [0. 0. 0. 0.]
 [0. 0. 0. 0.]
 [0. 0. 0. 0.]
 [0. 0. 0. 0.]
 [0. 0. 0. 0.]
 [0. 0. 0. 0.]
 [0. 0. 0. 0.]
 [0. 0. 0. 0.]
 [0. 0. 0. 0.]
 [0. 0. 0. 0.]
 [0. 0. 0. 0.]
 [0. 0. 0. 0.]
 [0. 0. 0. 0.]
 [0. 0. 0. 0.]
 [0. 0. 0. 0.]
 [0. 0. 0. 0.]
 [0. 0. 0. 0.]
 [0. 0. 0. 0.]
 [0. 0. 0. 0.]
 [0. 0. 0. 0.]
 [0. 0. 0. 0.]
 [0. 0. 0. 0.]
 [0. 0. 0. 0.]
 [0. 0. 0. 0.]
 [0. 0. 0. 0.]
 [0. 0. 0. 0.]
 [0. 0. 0. 0.]
 [0. 0. 0. 0.]
 [0. 0. 0. 0.]]
