************start solve*************
simulate_trajectory
X=self.simulate_trajectory(x0, u_init): X=[[ 0.0000000e+00  0.0000000e+00 -9.7141579e-02  0.0000000e+00
   0.0000000e+00 -1.1663172e+00  4.0014475e-06  0.0000000e+00
   0.0000000e+00  1.0000000e+00  0.0000000e+00  0.0000000e+00
   0.0000000e+00]
 [ 0.0000000e+00  0.0000000e+00 -2.6211214e-01  0.0000000e+00
   0.0000000e+00 -2.1330938e+00  4.0014475e-06  0.0000000e+00
   0.0000000e+00  1.0000000e+00  0.0000000e+00  0.0000000e+00
   0.0000000e+00]
 [ 0.0000000e+00  0.0000000e+00 -5.2317089e-01  0.0000000e+00
   0.0000000e+00 -3.0880804e+00  4.0014475e-06  0.0000000e+00
   0.0000000e+00  1.0000000e+00  0.0000000e+00  0.0000000e+00
   0.0000000e+00]
 [ 0.0000000e+00  0.0000000e+00 -8.7914592e-01  0.0000000e+00
   0.0000000e+00 -4.0314207e+00  4.0014475e-06  0.0000000e+00
   0.0000000e+00  1.0000000e+00  0.0000000e+00  0.0000000e+00
   0.0000000e+00]
 [ 0.0000000e+00  0.0000000e+00 -1.3288797e+00  0.0000000e+00
   0.0000000e+00 -4.9632568e+00  4.0014475e-06  0.0000000e+00
   0.0000000e+00  1.0000000e+00  0.0000000e+00  0.0000000e+00
   0.0000000e+00]
 [ 0.0000000e+00  0.0000000e+00 -1.8712291e+00  0.0000000e+00
   0.0000000e+00 -5.8837295e+00  4.0014475e-06  0.0000000e+00
   0.0000000e+00  1.0000000e+00  0.0000000e+00  0.0000000e+00
   0.0000000e+00]
 [ 0.0000000e+00  0.0000000e+00 -2.5050642e+00  0.0000000e+00
   0.0000000e+00 -6.7929769e+00  4.0014475e-06  0.0000000e+00
   0.0000000e+00  1.0000000e+00  0.0000000e+00  0.0000000e+00
   0.0000000e+00]
 [ 0.0000000e+00  0.0000000e+00 -3.2292700e+00  0.0000000e+00
   0.0000000e+00 -7.6911359e+00  4.0014475e-06  0.0000000e+00
   0.0000000e+00  1.0000000e+00  0.0000000e+00  0.0000000e+00
   0.0000000e+00]
 [ 0.0000000e+00  0.0000000e+00 -4.0427437e+00  0.0000000e+00
   0.0000000e+00 -8.5783415e+00  4.0014475e-06  0.0000000e+00
   0.0000000e+00  1.0000000e+00  0.0000000e+00  0.0000000e+00
   0.0000000e+00]
 [ 0.0000000e+00  0.0000000e+00 -4.9443974e+00  0.0000000e+00
   0.0000000e+00 -9.4547272e+00  4.0014475e-06  0.0000000e+00
   0.0000000e+00  1.0000000e+00  0.0000000e+00  0.0000000e+00
   0.0000000e+00]
 [ 0.0000000e+00  0.0000000e+00 -5.9331551e+00  0.0000000e+00
   0.0000000e+00 -1.0320426e+01  4.0014475e-06  0.0000000e+00
   0.0000000e+00  1.0000000e+00  0.0000000e+00  0.0000000e+00
   0.0000000e+00]
 [ 0.0000000e+00  0.0000000e+00 -7.0079546e+00  0.0000000e+00
   0.0000000e+00 -1.1175568e+01  4.0014475e-06  0.0000000e+00
   0.0000000e+00  1.0000000e+00  0.0000000e+00  0.0000000e+00
   0.0000000e+00]
 [ 0.0000000e+00  0.0000000e+00 -8.1677465e+00  0.0000000e+00
   0.0000000e+00 -1.2020280e+01  4.0014475e-06  0.0000000e+00
   0.0000000e+00  1.0000000e+00  0.0000000e+00  0.0000000e+00
   0.0000000e+00]
 [ 0.0000000e+00  0.0000000e+00 -9.4114952e+00  0.0000000e+00
   0.0000000e+00 -1.2854691e+01  4.0014475e-06  0.0000000e+00
   0.0000000e+00  1.0000000e+00  0.0000000e+00  0.0000000e+00
   0.0000000e+00]
 [ 0.0000000e+00  0.0000000e+00 -1.0738176e+01  0.0000000e+00
   0.0000000e+00 -1.3678926e+01  4.0014475e-06  0.0000000e+00
   0.0000000e+00  1.0000000e+00  0.0000000e+00  0.0000000e+00
   0.0000000e+00]
 [ 0.0000000e+00  0.0000000e+00 -1.2146778e+01  0.0000000e+00
   0.0000000e+00 -1.4493111e+01  4.0014475e-06  0.0000000e+00
   0.0000000e+00  1.0000000e+00  0.0000000e+00  0.0000000e+00
   0.0000000e+00]
 [ 0.0000000e+00  0.0000000e+00 -1.3636302e+01  0.0000000e+00
   0.0000000e+00 -1.5297365e+01  4.0014475e-06  0.0000000e+00
   0.0000000e+00  1.0000000e+00  0.0000000e+00  0.0000000e+00
   0.0000000e+00]
 [ 0.0000000e+00  0.0000000e+00 -1.5205761e+01  0.0000000e+00
   0.0000000e+00 -1.6091812e+01  4.0014475e-06  0.0000000e+00
   0.0000000e+00  1.0000000e+00  0.0000000e+00  0.0000000e+00
   0.0000000e+00]
 [ 0.0000000e+00  0.0000000e+00 -1.6854179e+01  0.0000000e+00
   0.0000000e+00 -1.6876570e+01  4.0014475e-06  0.0000000e+00
   0.0000000e+00  1.0000000e+00  0.0000000e+00  0.0000000e+00
   0.0000000e+00]
 [ 0.0000000e+00  0.0000000e+00 -1.8580595e+01  0.0000000e+00
   0.0000000e+00 -1.7651758e+01  4.0014475e-06  0.0000000e+00
   0.0000000e+00  1.0000000e+00  0.0000000e+00  0.0000000e+00
   0.0000000e+00]
 [ 0.0000000e+00  0.0000000e+00 -2.0384058e+01  0.0000000e+00
   0.0000000e+00 -1.8417492e+01  4.0014475e-06  0.0000000e+00
   0.0000000e+00  1.0000000e+00  0.0000000e+00  0.0000000e+00
   0.0000000e+00]
 [ 0.0000000e+00  0.0000000e+00 -2.2263626e+01  0.0000000e+00
   0.0000000e+00 -1.9173889e+01  4.0014475e-06  0.0000000e+00
   0.0000000e+00  1.0000000e+00  0.0000000e+00  0.0000000e+00
   0.0000000e+00]
 [ 0.0000000e+00  0.0000000e+00 -2.4218374e+01  0.0000000e+00
   0.0000000e+00 -1.9921061e+01  4.0014475e-06  0.0000000e+00
   0.0000000e+00  1.0000000e+00  0.0000000e+00  0.0000000e+00
   0.0000000e+00]
 [ 0.0000000e+00  0.0000000e+00 -2.6247383e+01  0.0000000e+00
   0.0000000e+00 -2.0659121e+01  4.0014475e-06  0.0000000e+00
   0.0000000e+00  1.0000000e+00  0.0000000e+00  0.0000000e+00
   0.0000000e+00]
 [ 0.0000000e+00  0.0000000e+00 -2.8349749e+01  0.0000000e+00
   0.0000000e+00 -2.1388180e+01  4.0014475e-06  0.0000000e+00
   0.0000000e+00  1.0000000e+00  0.0000000e+00  0.0000000e+00
   0.0000000e+00]
 [ 0.0000000e+00  0.0000000e+00 -3.0524576e+01  0.0000000e+00
   0.0000000e+00 -2.2108349e+01  4.0014475e-06  0.0000000e+00
   0.0000000e+00  1.0000000e+00  0.0000000e+00  0.0000000e+00
   0.0000000e+00]
 [ 0.0000000e+00  0.0000000e+00 -3.2770981e+01  0.0000000e+00
   0.0000000e+00 -2.2819735e+01  4.0014475e-06  0.0000000e+00
   0.0000000e+00  1.0000000e+00  0.0000000e+00  0.0000000e+00
   0.0000000e+00]
 [ 0.0000000e+00  0.0000000e+00 -3.5088093e+01  0.0000000e+00
   0.0000000e+00 -2.3522446e+01  4.0014475e-06  0.0000000e+00
   0.0000000e+00  1.0000000e+00  0.0000000e+00  0.0000000e+00
   0.0000000e+00]
 [ 0.0000000e+00  0.0000000e+00 -3.7475044e+01  0.0000000e+00
   0.0000000e+00 -2.4216587e+01  4.0014475e-06  0.0000000e+00
   0.0000000e+00  1.0000000e+00  0.0000000e+00  0.0000000e+00
   0.0000000e+00]
 [ 0.0000000e+00  0.0000000e+00 -3.9930984e+01  0.0000000e+00
   0.0000000e+00 -2.4902264e+01  4.0014475e-06  0.0000000e+00
   0.0000000e+00  1.0000000e+00  0.0000000e+00  0.0000000e+00
   0.0000000e+00]
 [ 0.0000000e+00  0.0000000e+00 -4.2455078e+01  0.0000000e+00
   0.0000000e+00 -2.5579578e+01  4.0014475e-06  0.0000000e+00
   0.0000000e+00  1.0000000e+00  0.0000000e+00  0.0000000e+00
   0.0000000e+00]
 [ 0.0000000e+00  0.0000000e+00 -4.5046486e+01  0.0000000e+00
   0.0000000e+00 -2.6248632e+01  4.0014475e-06  0.0000000e+00
   0.0000000e+00  1.0000000e+00  0.0000000e+00  0.0000000e+00
   0.0000000e+00]
 [ 0.0000000e+00  0.0000000e+00 -4.7704391e+01  0.0000000e+00
   0.0000000e+00 -2.6909527e+01  4.0014475e-06  0.0000000e+00
   0.0000000e+00  1.0000000e+00  0.0000000e+00  0.0000000e+00
   0.0000000e+00]
 [ 0.0000000e+00  0.0000000e+00 -5.0427986e+01  0.0000000e+00
   0.0000000e+00 -2.7562363e+01  4.0014475e-06  0.0000000e+00
   0.0000000e+00  1.0000000e+00  0.0000000e+00  0.0000000e+00
   0.0000000e+00]
 [ 0.0000000e+00  0.0000000e+00 -5.3216465e+01  0.0000000e+00
   0.0000000e+00 -2.8207237e+01  4.0014475e-06  0.0000000e+00
   0.0000000e+00  1.0000000e+00  0.0000000e+00  0.0000000e+00
   0.0000000e+00]
 [ 0.0000000e+00  0.0000000e+00 -5.6069038e+01  0.0000000e+00
   0.0000000e+00 -2.8844246e+01  4.0014475e-06  0.0000000e+00
   0.0000000e+00  1.0000000e+00  0.0000000e+00  0.0000000e+00
   0.0000000e+00]
 [ 0.0000000e+00  0.0000000e+00 -5.8984928e+01  0.0000000e+00
   0.0000000e+00 -2.9473486e+01  4.0014475e-06  0.0000000e+00
   0.0000000e+00  1.0000000e+00  0.0000000e+00  0.0000000e+00
   0.0000000e+00]
 [ 0.0000000e+00  0.0000000e+00 -6.1963356e+01  0.0000000e+00
   0.0000000e+00 -3.0095053e+01  4.0014475e-06  0.0000000e+00
   0.0000000e+00  1.0000000e+00  0.0000000e+00  0.0000000e+00
   0.0000000e+00]
 [ 0.0000000e+00  0.0000000e+00 -6.5003563e+01  0.0000000e+00
   0.0000000e+00 -3.0709040e+01  4.0014475e-06  0.0000000e+00
   0.0000000e+00  1.0000000e+00  0.0000000e+00  0.0000000e+00
   0.0000000e+00]
 [ 0.0000000e+00  0.0000000e+00 -6.8104797e+01  0.0000000e+00
   0.0000000e+00 -3.1315538e+01  4.0014475e-06  0.0000000e+00
   0.0000000e+00  1.0000000e+00  0.0000000e+00  0.0000000e+00
   0.0000000e+00]
 [ 0.0000000e+00  0.0000000e+00 -7.1266304e+01  0.0000000e+00
   0.0000000e+00 -3.1914642e+01  4.0014475e-06  0.0000000e+00
   0.0000000e+00  1.0000000e+00  0.0000000e+00  0.0000000e+00
   0.0000000e+00]
 [ 0.0000000e+00  0.0000000e+00 -7.4487358e+01  0.0000000e+00
   0.0000000e+00 -3.2506439e+01  4.0014475e-06  0.0000000e+00
   0.0000000e+00  1.0000000e+00  0.0000000e+00  0.0000000e+00
   0.0000000e+00]
 [ 0.0000000e+00  0.0000000e+00 -7.7767227e+01  0.0000000e+00
   0.0000000e+00 -3.3091019e+01  4.0014475e-06  0.0000000e+00
   0.0000000e+00  1.0000000e+00  0.0000000e+00  0.0000000e+00
   0.0000000e+00]
 [ 0.0000000e+00  0.0000000e+00 -8.1105202e+01  0.0000000e+00
   0.0000000e+00 -3.3668468e+01  4.0014475e-06  0.0000000e+00
   0.0000000e+00  1.0000000e+00  0.0000000e+00  0.0000000e+00
   0.0000000e+00]
 [ 0.0000000e+00  0.0000000e+00 -8.4500565e+01  0.0000000e+00
   0.0000000e+00 -3.4238876e+01  4.0014475e-06  0.0000000e+00
   0.0000000e+00  1.0000000e+00  0.0000000e+00  0.0000000e+00
   0.0000000e+00]
 [ 0.0000000e+00  0.0000000e+00 -8.7952629e+01  0.0000000e+00
   0.0000000e+00 -3.4802330e+01  4.0014475e-06  0.0000000e+00
   0.0000000e+00  1.0000000e+00  0.0000000e+00  0.0000000e+00
   0.0000000e+00]
 [ 0.0000000e+00  0.0000000e+00 -9.1460693e+01  0.0000000e+00
   0.0000000e+00 -3.5358910e+01  4.0014475e-06  0.0000000e+00
   0.0000000e+00  1.0000000e+00  0.0000000e+00  0.0000000e+00
   0.0000000e+00]
 [ 0.0000000e+00  0.0000000e+00 -9.5024071e+01  0.0000000e+00
   0.0000000e+00 -3.5908703e+01  4.0014475e-06  0.0000000e+00
   0.0000000e+00  1.0000000e+00  0.0000000e+00  0.0000000e+00
   0.0000000e+00]
 [ 0.0000000e+00  0.0000000e+00 -9.8642097e+01  0.0000000e+00
   0.0000000e+00 -3.6451794e+01  4.0014475e-06  0.0000000e+00
   0.0000000e+00  1.0000000e+00  0.0000000e+00  0.0000000e+00
   0.0000000e+00]
 [ 0.0000000e+00  0.0000000e+00 -1.0231410e+02  0.0000000e+00
   0.0000000e+00 -3.6988258e+01  4.0014475e-06  0.0000000e+00
   0.0000000e+00  1.0000000e+00  0.0000000e+00  0.0000000e+00
   0.0000000e+00]
 [ 0.0000000e+00  0.0000000e+00 -1.0603942e+02  0.0000000e+00
   0.0000000e+00 -3.7518181e+01  4.0014475e-06  0.0000000e+00
   0.0000000e+00  1.0000000e+00  0.0000000e+00  0.0000000e+00
   0.0000000e+00]]
for i in range(max_iters):
	i=0
backward_pass
for k in reversed(range(self.horizon)):
	k=49
linearize_dynamics
quadratize_cost
	k=48
linearize_dynamics
quadratize_cost
	k=47
linearize_dynamics
quadratize_cost
	k=46
linearize_dynamics
quadratize_cost
	k=45
linearize_dynamics
quadratize_cost
	k=44
linearize_dynamics
quadratize_cost
	k=43
linearize_dynamics
quadratize_cost
	k=42
linearize_dynamics
quadratize_cost
	k=41
linearize_dynamics
quadratize_cost
	k=40
linearize_dynamics
quadratize_cost
	k=39
linearize_dynamics
quadratize_cost
	k=38
linearize_dynamics
quadratize_cost
	k=37
linearize_dynamics
quadratize_cost
	k=36
linearize_dynamics
quadratize_cost
	k=35
linearize_dynamics
quadratize_cost
	k=34
linearize_dynamics
quadratize_cost
	k=33
linearize_dynamics
quadratize_cost
	k=32
linearize_dynamics
quadratize_cost
	k=31
linearize_dynamics
quadratize_cost
	k=30
linearize_dynamics
quadratize_cost
	k=29
linearize_dynamics
quadratize_cost
	k=28
linearize_dynamics
quadratize_cost
	k=27
linearize_dynamics
quadratize_cost
	k=26
linearize_dynamics
quadratize_cost
	k=25
linearize_dynamics
quadratize_cost
	k=24
linearize_dynamics
quadratize_cost
	k=23
linearize_dynamics
quadratize_cost
	k=22
linearize_dynamics
quadratize_cost
	k=21
linearize_dynamics
quadratize_cost
	k=20
linearize_dynamics
quadratize_cost
	k=19
linearize_dynamics
quadratize_cost
	k=18
linearize_dynamics
quadratize_cost
	k=17
linearize_dynamics
quadratize_cost
	k=16
linearize_dynamics
quadratize_cost
	k=15
linearize_dynamics
quadratize_cost
	k=14
linearize_dynamics
quadratize_cost
	k=13
linearize_dynamics
quadratize_cost
	k=12
linearize_dynamics
quadratize_cost
	k=11
linearize_dynamics
quadratize_cost
	k=10
linearize_dynamics
quadratize_cost
	k=9
linearize_dynamics
quadratize_cost
	k=8
linearize_dynamics
quadratize_cost
	k=7
linearize_dynamics
quadratize_cost
	k=6
linearize_dynamics
quadratize_cost
	k=5
linearize_dynamics
quadratize_cost
	k=4
linearize_dynamics
quadratize_cost
	k=3
linearize_dynamics
quadratize_cost
	k=2
linearize_dynamics
quadratize_cost
	k=1
linearize_dynamics
quadratize_cost
	k=0
linearize_dynamics
quadratize_cost
X_new=[[ 0.0000000e+00  0.0000000e+00 -9.7141579e-02  0.0000000e+00
   0.0000000e+00 -1.1663172e+00  4.0014475e-06  0.0000000e+00
   0.0000000e+00  1.0000000e+00  0.0000000e+00  0.0000000e+00
   0.0000000e+00]
 [ 0.0000000e+00  0.0000000e+00 -2.6211214e-01  0.0000000e+00
   0.0000000e+00 -2.1330938e+00  4.0014475e-06  0.0000000e+00
   0.0000000e+00  1.0000000e+00  0.0000000e+00  0.0000000e+00
   0.0000000e+00]
 [ 0.0000000e+00  0.0000000e+00 -5.2317089e-01  0.0000000e+00
   0.0000000e+00 -3.0880804e+00  4.0014475e-06  0.0000000e+00
   0.0000000e+00  1.0000000e+00  0.0000000e+00  0.0000000e+00
   0.0000000e+00]
 [ 0.0000000e+00  0.0000000e+00 -8.7914592e-01  0.0000000e+00
   0.0000000e+00 -4.0314207e+00  4.0014475e-06  0.0000000e+00
   0.0000000e+00  1.0000000e+00  0.0000000e+00  0.0000000e+00
   0.0000000e+00]
 [ 0.0000000e+00  0.0000000e+00 -1.3288797e+00  0.0000000e+00
   0.0000000e+00 -4.9632568e+00  4.0014475e-06  0.0000000e+00
   0.0000000e+00  1.0000000e+00  0.0000000e+00  0.0000000e+00
   0.0000000e+00]
 [ 0.0000000e+00  0.0000000e+00 -1.8712291e+00  0.0000000e+00
   0.0000000e+00 -5.8837295e+00  4.0014475e-06  0.0000000e+00
   0.0000000e+00  1.0000000e+00  0.0000000e+00  0.0000000e+00
   0.0000000e+00]
 [ 0.0000000e+00  0.0000000e+00 -2.5050642e+00  0.0000000e+00
   0.0000000e+00 -6.7929769e+00  4.0014475e-06  0.0000000e+00
   0.0000000e+00  1.0000000e+00  0.0000000e+00  0.0000000e+00
   0.0000000e+00]
 [ 0.0000000e+00  0.0000000e+00 -3.2292700e+00  0.0000000e+00
   0.0000000e+00 -7.6911359e+00  4.0014475e-06  0.0000000e+00
   0.0000000e+00  1.0000000e+00  0.0000000e+00  0.0000000e+00
   0.0000000e+00]
 [ 0.0000000e+00  0.0000000e+00 -4.0427437e+00  0.0000000e+00
   0.0000000e+00 -8.5783415e+00  4.0014475e-06  0.0000000e+00
   0.0000000e+00  1.0000000e+00  0.0000000e+00  0.0000000e+00
   0.0000000e+00]
 [ 0.0000000e+00  0.0000000e+00 -4.9443974e+00  0.0000000e+00
   0.0000000e+00 -9.4547272e+00  4.0014475e-06  0.0000000e+00
   0.0000000e+00  1.0000000e+00  0.0000000e+00  0.0000000e+00
   0.0000000e+00]
 [ 0.0000000e+00  0.0000000e+00 -5.9331551e+00  0.0000000e+00
   0.0000000e+00 -1.0320426e+01  4.0014475e-06  0.0000000e+00
   0.0000000e+00  1.0000000e+00  0.0000000e+00  0.0000000e+00
   0.0000000e+00]
 [ 0.0000000e+00  0.0000000e+00 -7.0079546e+00  0.0000000e+00
   0.0000000e+00 -1.1175568e+01  4.0014475e-06  0.0000000e+00
   0.0000000e+00  1.0000000e+00  0.0000000e+00  0.0000000e+00
   0.0000000e+00]
 [ 0.0000000e+00  0.0000000e+00 -8.1677465e+00  0.0000000e+00
   0.0000000e+00 -1.2020280e+01  4.0014475e-06  0.0000000e+00
   0.0000000e+00  1.0000000e+00  0.0000000e+00  0.0000000e+00
   0.0000000e+00]
 [ 0.0000000e+00  0.0000000e+00 -9.4114952e+00  0.0000000e+00
   0.0000000e+00 -1.2854691e+01  4.0014475e-06  0.0000000e+00
   0.0000000e+00  1.0000000e+00  0.0000000e+00  0.0000000e+00
   0.0000000e+00]
 [ 0.0000000e+00  0.0000000e+00 -1.0738176e+01  0.0000000e+00
   0.0000000e+00 -1.3678926e+01  4.0014475e-06  0.0000000e+00
   0.0000000e+00  1.0000000e+00  0.0000000e+00  0.0000000e+00
   0.0000000e+00]
 [ 0.0000000e+00  0.0000000e+00 -1.2146778e+01  0.0000000e+00
   0.0000000e+00 -1.4493111e+01  4.0014475e-06  0.0000000e+00
   0.0000000e+00  1.0000000e+00  0.0000000e+00  0.0000000e+00
   0.0000000e+00]
 [ 0.0000000e+00  0.0000000e+00 -1.3636302e+01  0.0000000e+00
   0.0000000e+00 -1.5297365e+01  4.0014475e-06  0.0000000e+00
   0.0000000e+00  1.0000000e+00  0.0000000e+00  0.0000000e+00
   0.0000000e+00]
 [ 0.0000000e+00  0.0000000e+00 -1.5205761e+01  0.0000000e+00
   0.0000000e+00 -1.6091812e+01  4.0014475e-06  0.0000000e+00
   0.0000000e+00  1.0000000e+00  0.0000000e+00  0.0000000e+00
   0.0000000e+00]
 [ 0.0000000e+00  0.0000000e+00 -1.6854179e+01  0.0000000e+00
   0.0000000e+00 -1.6876570e+01  4.0014475e-06  0.0000000e+00
   0.0000000e+00  1.0000000e+00  0.0000000e+00  0.0000000e+00
   0.0000000e+00]
 [ 0.0000000e+00  0.0000000e+00 -1.8580595e+01  0.0000000e+00
   0.0000000e+00 -1.7651758e+01  4.0014475e-06  0.0000000e+00
   0.0000000e+00  1.0000000e+00  0.0000000e+00  0.0000000e+00
   0.0000000e+00]
 [ 0.0000000e+00  0.0000000e+00 -2.0384058e+01  0.0000000e+00
   0.0000000e+00 -1.8417492e+01  4.0014475e-06  0.0000000e+00
   0.0000000e+00  1.0000000e+00  0.0000000e+00  0.0000000e+00
   0.0000000e+00]
 [ 0.0000000e+00  0.0000000e+00 -2.2263626e+01  0.0000000e+00
   0.0000000e+00 -1.9173889e+01  4.0014475e-06  0.0000000e+00
   0.0000000e+00  1.0000000e+00  0.0000000e+00  0.0000000e+00
   0.0000000e+00]
 [ 0.0000000e+00  0.0000000e+00 -2.4218374e+01  0.0000000e+00
   0.0000000e+00 -1.9921061e+01  4.0014475e-06  0.0000000e+00
   0.0000000e+00  1.0000000e+00  0.0000000e+00  0.0000000e+00
   0.0000000e+00]
 [ 0.0000000e+00  0.0000000e+00 -2.6247383e+01  0.0000000e+00
   0.0000000e+00 -2.0659121e+01  4.0014475e-06  0.0000000e+00
   0.0000000e+00  1.0000000e+00  0.0000000e+00  0.0000000e+00
   0.0000000e+00]
 [ 0.0000000e+00  0.0000000e+00 -2.8349749e+01  0.0000000e+00
   0.0000000e+00 -2.1388180e+01  4.0014475e-06  0.0000000e+00
   0.0000000e+00  1.0000000e+00  0.0000000e+00  0.0000000e+00
   0.0000000e+00]
 [ 0.0000000e+00  0.0000000e+00 -3.0524576e+01  0.0000000e+00
   0.0000000e+00 -2.2108349e+01  4.0014475e-06  0.0000000e+00
   0.0000000e+00  1.0000000e+00  0.0000000e+00  0.0000000e+00
   0.0000000e+00]
 [ 0.0000000e+00  0.0000000e+00 -3.2770981e+01  0.0000000e+00
   0.0000000e+00 -2.2819735e+01  4.0014475e-06  0.0000000e+00
   0.0000000e+00  1.0000000e+00  0.0000000e+00  0.0000000e+00
   0.0000000e+00]
 [ 0.0000000e+00  0.0000000e+00 -3.5088093e+01  0.0000000e+00
   0.0000000e+00 -2.3522446e+01  4.0014475e-06  0.0000000e+00
   0.0000000e+00  1.0000000e+00  0.0000000e+00  0.0000000e+00
   0.0000000e+00]
 [ 0.0000000e+00  0.0000000e+00 -3.7475044e+01  0.0000000e+00
   0.0000000e+00 -2.4216587e+01  4.0014475e-06  0.0000000e+00
   0.0000000e+00  1.0000000e+00  0.0000000e+00  0.0000000e+00
   0.0000000e+00]
 [ 0.0000000e+00  0.0000000e+00 -3.9930984e+01  0.0000000e+00
   0.0000000e+00 -2.4902264e+01  4.0014475e-06  0.0000000e+00
   0.0000000e+00  1.0000000e+00  0.0000000e+00  0.0000000e+00
   0.0000000e+00]
 [ 0.0000000e+00  0.0000000e+00 -4.2455078e+01  0.0000000e+00
   0.0000000e+00 -2.5579578e+01  4.0014475e-06  0.0000000e+00
   0.0000000e+00  1.0000000e+00  0.0000000e+00  0.0000000e+00
   0.0000000e+00]
 [ 0.0000000e+00  0.0000000e+00 -4.5046486e+01  0.0000000e+00
   0.0000000e+00 -2.6248632e+01  4.0014475e-06  0.0000000e+00
   0.0000000e+00  1.0000000e+00  0.0000000e+00  0.0000000e+00
   0.0000000e+00]
 [ 0.0000000e+00  0.0000000e+00 -4.7704391e+01  0.0000000e+00
   0.0000000e+00 -2.6909527e+01  4.0014475e-06  0.0000000e+00
   0.0000000e+00  1.0000000e+00  0.0000000e+00  0.0000000e+00
   0.0000000e+00]
 [ 0.0000000e+00  0.0000000e+00 -5.0427986e+01  0.0000000e+00
   0.0000000e+00 -2.7562363e+01  4.0014475e-06  0.0000000e+00
   0.0000000e+00  1.0000000e+00  0.0000000e+00  0.0000000e+00
   0.0000000e+00]
 [ 0.0000000e+00  0.0000000e+00 -5.3216465e+01  0.0000000e+00
   0.0000000e+00 -2.8207237e+01  4.0014475e-06  0.0000000e+00
   0.0000000e+00  1.0000000e+00  0.0000000e+00  0.0000000e+00
   0.0000000e+00]
 [ 0.0000000e+00  0.0000000e+00 -5.6069038e+01  0.0000000e+00
   0.0000000e+00 -2.8844246e+01  4.0014475e-06  0.0000000e+00
   0.0000000e+00  1.0000000e+00  0.0000000e+00  0.0000000e+00
   0.0000000e+00]
 [ 0.0000000e+00  0.0000000e+00 -5.8984928e+01  0.0000000e+00
   0.0000000e+00 -2.9473486e+01  4.0014475e-06  0.0000000e+00
   0.0000000e+00  1.0000000e+00  0.0000000e+00  0.0000000e+00
   0.0000000e+00]
 [ 0.0000000e+00  0.0000000e+00 -6.1963356e+01  0.0000000e+00
   0.0000000e+00 -3.0095053e+01  4.0014475e-06  0.0000000e+00
   0.0000000e+00  1.0000000e+00  0.0000000e+00  0.0000000e+00
   0.0000000e+00]
 [ 0.0000000e+00  0.0000000e+00 -6.5003563e+01  0.0000000e+00
   0.0000000e+00 -3.0709040e+01  4.0014475e-06  0.0000000e+00
   0.0000000e+00  1.0000000e+00  0.0000000e+00  0.0000000e+00
   0.0000000e+00]
 [ 0.0000000e+00  0.0000000e+00 -6.8104797e+01  0.0000000e+00
   0.0000000e+00 -3.1315538e+01  4.0014475e-06  0.0000000e+00
   0.0000000e+00  1.0000000e+00  0.0000000e+00  0.0000000e+00
   0.0000000e+00]
 [ 0.0000000e+00  0.0000000e+00 -7.1266304e+01  0.0000000e+00
   0.0000000e+00 -3.1914642e+01  4.0014475e-06  0.0000000e+00
   0.0000000e+00  1.0000000e+00  0.0000000e+00  0.0000000e+00
   0.0000000e+00]
 [ 0.0000000e+00  0.0000000e+00 -7.4487358e+01  0.0000000e+00
   0.0000000e+00 -3.2506439e+01  4.0014475e-06  0.0000000e+00
   0.0000000e+00  1.0000000e+00  0.0000000e+00  0.0000000e+00
   0.0000000e+00]
 [ 0.0000000e+00  0.0000000e+00 -7.7767227e+01  0.0000000e+00
   0.0000000e+00 -3.3091019e+01  4.0014475e-06  0.0000000e+00
   0.0000000e+00  1.0000000e+00  0.0000000e+00  0.0000000e+00
   0.0000000e+00]
 [ 0.0000000e+00  0.0000000e+00 -8.1105202e+01  0.0000000e+00
   0.0000000e+00 -3.3668468e+01  4.0014475e-06  0.0000000e+00
   0.0000000e+00  1.0000000e+00  0.0000000e+00  0.0000000e+00
   0.0000000e+00]
 [ 0.0000000e+00  0.0000000e+00 -8.4500565e+01  0.0000000e+00
   0.0000000e+00 -3.4238876e+01  4.0014475e-06  0.0000000e+00
   0.0000000e+00  1.0000000e+00  0.0000000e+00  0.0000000e+00
   0.0000000e+00]
 [ 0.0000000e+00  0.0000000e+00 -8.7952629e+01  0.0000000e+00
   0.0000000e+00 -3.4802330e+01  4.0014475e-06  0.0000000e+00
   0.0000000e+00  1.0000000e+00  0.0000000e+00  0.0000000e+00
   0.0000000e+00]
 [ 0.0000000e+00  0.0000000e+00 -9.1460693e+01  0.0000000e+00
   0.0000000e+00 -3.5358910e+01  4.0014475e-06  0.0000000e+00
   0.0000000e+00  1.0000000e+00  0.0000000e+00  0.0000000e+00
   0.0000000e+00]
 [ 0.0000000e+00  0.0000000e+00 -9.5024071e+01  0.0000000e+00
   0.0000000e+00 -3.5908703e+01  4.0014475e-06  0.0000000e+00
   0.0000000e+00  1.0000000e+00  0.0000000e+00  0.0000000e+00
   0.0000000e+00]
 [ 0.0000000e+00  0.0000000e+00 -9.8642097e+01  0.0000000e+00
   0.0000000e+00 -3.6451794e+01  4.0014475e-06  0.0000000e+00
   0.0000000e+00  1.0000000e+00  0.0000000e+00  0.0000000e+00
   0.0000000e+00]
 [ 0.0000000e+00  0.0000000e+00 -1.0231410e+02  0.0000000e+00
   0.0000000e+00 -3.6988258e+01  4.0014475e-06  0.0000000e+00
   0.0000000e+00  1.0000000e+00  0.0000000e+00  0.0000000e+00
   0.0000000e+00]
 [ 0.0000000e+00  0.0000000e+00 -1.0603942e+02  0.0000000e+00
   0.0000000e+00 -3.7518181e+01  4.0014475e-06  0.0000000e+00
   0.0000000e+00  1.0000000e+00  0.0000000e+00  0.0000000e+00
   0.0000000e+00]]
************start solve*************
simulate_trajectory
X=self.simulate_trajectory(x0, u_init): X=[[-7.87453055e-01 -1.52972832e-01 -4.29026604e+01 -2.87389696e-01
  -5.91113754e-02 -2.19503822e+01  1.47810811e-02  3.97651158e-02
   5.78065932e-01  8.14885199e-01  3.34517026e-05 -7.37003065e-05
  -2.12027444e-04]
 [-8.16014767e-01 -1.58847392e-01 -4.51333389e+01 -2.83845007e-01
  -5.83798289e-02 -2.26632080e+01  1.48148024e-02  3.97457369e-02
   5.78069389e-01  8.14884424e-01  3.34492979e-05 -7.37003065e-05
  -7.76592118e-04]
 [-8.44224215e-01 -1.64649233e-01 -4.74348640e+01 -2.80343533e-01
  -5.76572418e-02 -2.33673420e+01  1.48715107e-02  3.97100002e-02
   5.78073382e-01  8.14882338e-01  3.34468932e-05 -7.37003065e-05
  -1.34115678e-03]
 [-8.72085631e-01 -1.70379266e-01 -4.98063774e+01 -2.76884764e-01
  -5.69435321e-02 -2.40628891e+01  1.49512216e-02  3.96579467e-02
   5.78078449e-01  8.14879835e-01  3.34444885e-05 -7.37003065e-05
  -1.90572138e-03]
 [-8.99603307e-01 -1.76038384e-01 -5.22470169e+01 -2.73468167e-01
  -5.62386177e-02 -2.47499523e+01  1.50539344e-02  3.95895727e-02
   5.78084648e-01  8.14876854e-01  3.34420838e-05 -7.37003065e-05
  -2.47028610e-03]
 [-9.26781356e-01 -1.81627437e-01 -5.47559471e+01 -2.70093232e-01
  -5.55424206e-02 -2.54286385e+01  1.51796499e-02  3.95048819e-02
   5.78091979e-01  8.14873457e-01  3.34396791e-05 -7.37003065e-05
  -3.03485082e-03]
 [-9.53623950e-01 -1.87147304e-01 -5.73323326e+01 -2.66759455e-01
  -5.48548624e-02 -2.60990467e+01  1.53283654e-02  3.94038670e-02
   5.78100324e-01  8.14869523e-01  3.34372744e-05 -7.37003065e-05
  -3.59941553e-03]
 [-9.80135262e-01 -1.92598850e-01 -5.99753494e+01 -2.63466328e-01
  -5.41758612e-02 -2.67612801e+01  1.55000836e-02  3.92865352e-02
   5.78109860e-01  8.14865172e-01  3.34348697e-05 -7.37003065e-05
  -4.16398002e-03]
 [-1.00631928e+00 -1.97982907e-01 -6.26841850e+01 -2.60213345e-01
  -5.35053462e-02 -2.74154377e+01  1.56948045e-02  3.91528830e-02
   5.78120470e-01  8.14860344e-01  3.34324650e-05 -7.37003065e-05
  -4.72854450e-03]
 [-1.03217995e+00 -2.03300327e-01 -6.54580383e+01 -2.57000029e-01
  -5.28432354e-02 -2.80616169e+01  1.59125272e-02  3.90029103e-02
   5.78132153e-01  8.14855039e-01  3.34300603e-05 -7.37003065e-05
  -5.29310899e-03]
 [-1.05772126e+00 -2.08551958e-01 -6.82961121e+01 -2.53825903e-01
  -5.21894582e-02 -2.86999168e+01  1.61532499e-02  3.88366133e-02
   5.78144908e-01  8.14849198e-01  3.34276556e-05 -7.37003065e-05
  -5.85767347e-03]
 [-1.08294713e+00 -2.13738635e-01 -7.11976318e+01 -2.50690490e-01
  -5.15439361e-02 -2.93304310e+01  1.64169725e-02  3.86539921e-02
   5.78158677e-01  8.14842820e-01  3.34252509e-05 -7.37003065e-05
  -6.42223796e-03]
 [-1.10786128e+00 -2.18861148e-01 -7.41618195e+01 -2.47593299e-01
  -5.09065986e-02 -2.99532566e+01  1.67036951e-02  3.84550467e-02
   5.78173459e-01  8.14835906e-01  3.34228462e-05 -7.37003065e-05
  -6.98680244e-03]
 [-1.13246763e+00 -2.23920345e-01 -7.71879044e+01 -2.44533882e-01
  -5.02773747e-02 -3.05684872e+01  1.70134176e-02  3.82397771e-02
   5.78189254e-01  8.14828455e-01  3.34204415e-05 -7.37003065e-05
  -7.55136693e-03]
 [-1.15676987e+00 -2.28917032e-01 -8.02751389e+01 -2.41511762e-01
  -4.96561900e-02 -3.11762142e+01  1.73461381e-02  3.80081795e-02
   5.78206062e-01  8.14820468e-01  3.34180368e-05 -7.37003065e-05
  -8.11593141e-03]
 [-1.18077183e+00 -2.33851984e-01 -8.34227753e+01 -2.38526493e-01
  -4.90429737e-02 -3.17765312e+01  1.77018549e-02  3.77602503e-02
   5.78223825e-01  8.14811707e-01  3.34156321e-05 -7.37003065e-05
  -8.68049636e-03]
 [-1.20447707e+00 -2.38726020e-01 -8.66300735e+01 -2.35577628e-01
  -4.84376587e-02 -3.23695259e+01  1.80805698e-02  3.74959931e-02
   5.78242540e-01  8.14802289e-01  3.34132274e-05 -7.37003065e-05
  -9.24506132e-03]
 [-1.22788918e+00 -2.43539914e-01 -8.98963165e+01 -2.32664719e-01
  -4.78401743e-02 -3.29552879e+01  1.84822809e-02  3.72154042e-02
   5.78262150e-01  8.14792216e-01  3.34108227e-05 -7.37003065e-05
  -9.80962627e-03]
 [-1.25101173e+00 -2.48294443e-01 -9.32207794e+01 -2.29787335e-01
  -4.72504534e-02 -3.35339088e+01  1.89069882e-02  3.69184837e-02
   5.78282714e-01  8.14781427e-01  3.34084179e-05 -7.37003065e-05
  -1.03741912e-02]
 [-1.27384841e+00 -2.52990395e-01 -9.66027527e+01 -2.26945043e-01
  -4.66684289e-02 -3.41054726e+01  1.93546899e-02  3.66052277e-02
   5.78304112e-01  8.14769864e-01  3.34060132e-05 -7.37003065e-05
  -1.09387562e-02]
 [-1.29640245e+00 -2.57628500e-01 -1.00041527e+02 -2.24137396e-01
  -4.60940339e-02 -3.46700668e+01  1.98253822e-02  3.62756327e-02
   5.78326344e-01  8.14757466e-01  3.34036085e-05 -7.37003065e-05
  -1.15033211e-02]
 [-1.31867754e+00 -2.62209564e-01 -1.03536415e+02 -2.21363991e-01
  -4.55272011e-02 -3.52277756e+01  2.03190669e-02  3.59297022e-02
   5.78349411e-01  8.14744234e-01  3.34012038e-05 -7.37003065e-05
  -1.20678861e-02]
 [-1.34067702e+00 -2.66734332e-01 -1.07086731e+02 -2.18624413e-01
  -4.49678712e-02 -3.57786827e+01  2.08357479e-02  3.55674364e-02
   5.78373313e-01  8.14730167e-01  3.33987991e-05 -7.37003065e-05
  -1.26324510e-02]
 [-1.36240411e+00 -2.71203518e-01 -1.10691803e+02 -2.15918228e-01
  -4.44159731e-02 -3.63228722e+01  2.13754140e-02  3.51888277e-02
   5.78397930e-01  8.14715147e-01  3.33963944e-05 -7.37003065e-05
  -1.31970160e-02]
 [-1.38386226e+00 -2.75617868e-01 -1.14350967e+02 -2.13245049e-01
  -4.38714474e-02 -3.68604240e+01  2.19380688e-02  3.47938761e-02
   5.78423321e-01  8.14699173e-01  3.33939897e-05 -7.37003065e-05
  -1.37615809e-02]
 [-1.40505469e+00 -2.79978156e-01 -1.18063560e+02 -2.10604459e-01
  -4.33342308e-02 -3.73914223e+01  2.25237105e-02  3.43825743e-02
   5.78449368e-01  8.14682066e-01  3.33915850e-05 -7.37003065e-05
  -1.43261459e-02]
 [-1.42598474e+00 -2.84285098e-01 -1.21828934e+02 -2.07996070e-01
  -4.28042635e-02 -3.79159431e+01  2.31323391e-02  3.39549296e-02
   5.78476131e-01  8.14664006e-01  3.33891803e-05 -7.37003065e-05
  -1.48907108e-02]
 [-1.44665551e+00 -2.88539380e-01 -1.25646439e+02 -2.05419496e-01
  -4.22814824e-02 -3.84340668e+01  2.37639472e-02  3.35109346e-02
   5.78503489e-01  8.14644754e-01  3.33867756e-05 -7.37003065e-05
  -1.54552758e-02]
 [-1.46707010e+00 -2.92741746e-01 -1.29515427e+02 -2.02874333e-01
  -4.17658277e-02 -3.89458733e+01  2.44185384e-02  3.30505893e-02
   5.78531444e-01  8.14624310e-01  3.33843709e-05 -7.37003065e-05
  -1.60198398e-02]
 [-1.48723173e+00 -2.96892911e-01 -1.33435303e+02 -2.00360209e-01
  -4.12572399e-02 -3.94514389e+01  2.50961091e-02  3.25738899e-02
   5.78559935e-01  8.14602673e-01  3.33819662e-05 -7.37003065e-05
  -1.65844038e-02]
 [-1.50714350e+00 -3.00993532e-01 -1.37405411e+02 -1.97876737e-01
  -4.07556593e-02 -3.99508362e+01  2.57966574e-02  3.20808366e-02
   5.78588963e-01  8.14579785e-01  3.33795615e-05 -7.37003065e-05
  -1.71489678e-02]
 [-1.52680850e+00 -3.05044353e-01 -1.41425156e+02 -1.95423543e-01
  -4.02610302e-02 -4.04441452e+01  2.65201814e-02  3.15714292e-02
   5.78618467e-01  8.14555526e-01  3.33771568e-05 -7.37003065e-05
  -1.77135319e-02]
 [-1.54622972e+00 -3.09046090e-01 -1.45493942e+02 -1.93000272e-01
  -3.97732966e-02 -4.09314384e+01  2.72666737e-02  3.10456585e-02
   5.78648269e-01  8.14529777e-01  3.33747521e-05 -7.37003065e-05
  -1.82780959e-02]
 [-1.56541002e+00 -3.12999368e-01 -1.49611145e+02 -1.90606549e-01
  -3.92923988e-02 -4.14127884e+01  2.80361380e-02  3.05035282e-02
   5.78678548e-01  8.14502656e-01  3.33723474e-05 -7.37003065e-05
  -1.88426599e-02]
 [-1.58435237e+00 -3.16904902e-01 -1.53776199e+02 -1.88242018e-01
  -3.88182811e-02 -4.18882675e+01  2.88285706e-02  2.99450364e-02
   5.78709185e-01  8.14473987e-01  3.33699427e-05 -7.37003065e-05
  -1.94072239e-02]
 [-1.60305977e+00 -3.20763379e-01 -1.57988510e+02 -1.85906306e-01
  -3.83508876e-02 -4.23579483e+01  2.96439640e-02  2.93701775e-02
   5.78740060e-01  8.14443707e-01  3.33675380e-05 -7.37003065e-05
  -1.99717879e-02]
 [-1.62153506e+00 -3.24575424e-01 -1.62247498e+02 -1.83599085e-01
  -3.78901660e-02 -4.28219032e+01  3.04823183e-02  2.87789553e-02
   5.78771174e-01  8.14411759e-01  3.33651333e-05 -7.37003065e-05
  -2.05363519e-02]
 [-1.63978100e+00 -3.28341722e-01 -1.66552612e+02 -1.81319997e-01
  -3.74360606e-02 -4.32801971e+01  3.13436314e-02  2.81713642e-02
   5.78802466e-01  8.14378083e-01  3.33627286e-05 -7.37003065e-05
  -2.11009160e-02]
 [-1.65780044e+00 -3.32062960e-01 -1.70903259e+02 -1.79068699e-01
  -3.69885191e-02 -4.37329025e+01  3.22278924e-02  2.75473986e-02
   5.78833878e-01  8.14342558e-01  3.33603239e-05 -7.37003065e-05
  -2.16654800e-02]
 [-1.67559612e+00 -3.35739762e-01 -1.75298904e+02 -1.76844850e-01
  -3.65474895e-02 -4.41800880e+01  3.31351086e-02  2.69070622e-02
   5.78865409e-01  8.14305246e-01  3.33579192e-05 -7.37003065e-05
  -2.22300440e-02]
 [-1.69317079e+00 -3.39372784e-01 -1.79738998e+02 -1.74648121e-01
  -3.61129157e-02 -4.46218185e+01  3.40652578e-02  2.62503494e-02
   5.78896880e-01  8.14265847e-01  3.33555145e-05 -7.37003065e-05
  -2.27946080e-02]
 [-1.71052706e+00 -3.42962682e-01 -1.84223007e+02 -1.72478169e-01
  -3.56847495e-02 -4.50581627e+01  3.50183509e-02  2.55772602e-02
   5.78928351e-01  8.14224422e-01  3.33531098e-05 -7.37003065e-05
  -2.33591720e-02]
 [-1.72766769e+00 -3.46510053e-01 -1.88750366e+02 -1.70334682e-01
  -3.52629423e-02 -4.54891853e+01  3.59943844e-02  2.48877965e-02
   5.78959823e-01  8.14180911e-01  3.33507051e-05 -7.37003065e-05
  -2.39237361e-02]
 [-1.74459529e+00 -3.50015581e-01 -1.93320572e+02 -1.68217331e-01
  -3.48474383e-02 -4.59149551e+01  3.69933471e-02  2.41819527e-02
   5.78991115e-01  8.14135194e-01  3.33483003e-05 -7.37003065e-05
  -2.44883001e-02]
 [-1.76131248e+00 -3.53479862e-01 -1.97933090e+02 -1.66125804e-01
  -3.44381928e-02 -4.63355293e+01  3.80152278e-02  2.34597251e-02
   5.79022169e-01  8.14087152e-01  3.33458956e-05 -7.37003065e-05
  -2.50528641e-02]
 [-1.77782166e+00 -3.56903523e-01 -2.02587418e+02 -1.64059773e-01
  -3.40351537e-02 -4.67509766e+01  3.90600301e-02  2.27211174e-02
   5.79052985e-01  8.14036727e-01  3.33434909e-05 -7.37003065e-05
  -2.56174281e-02]
 [-1.79412556e+00 -3.60287189e-01 -2.07283035e+02 -1.62018940e-01
  -3.36382762e-02 -4.71613579e+01  4.01277468e-02  2.19661258e-02
   5.79083443e-01  8.13983917e-01  3.33410862e-05 -7.37003065e-05
  -2.61819921e-02]
 [-1.81022656e+00 -3.63631457e-01 -2.12019440e+02 -1.60002992e-01
  -3.32475081e-02 -4.75667343e+01  4.12183702e-02  2.11947486e-02
   5.79113483e-01  8.13928425e-01  3.33386815e-05 -7.37003065e-05
  -2.67465562e-02]
 [-1.82612729e+00 -3.66936982e-01 -2.16796127e+02 -1.58011615e-01
  -3.28628048e-02 -4.79671669e+01  4.23318930e-02  2.04069857e-02
   5.79143107e-01  8.13870311e-01  3.33362768e-05 -7.37003065e-05
  -2.73111202e-02]
 [-1.84183013e+00 -3.70204329e-01 -2.21612625e+02 -1.56044528e-01
  -3.24841216e-02 -4.83627167e+01  4.34683114e-02  1.96028370e-02
   5.79172194e-01  8.13809514e-01  3.33338721e-05 -7.37003065e-05
  -2.78756842e-02]
 [-1.85733747e+00 -3.73434126e-01 -2.26468430e+02 -1.54101416e-01
  -3.21114101e-02 -4.87534409e+01  4.46276106e-02  1.87822971e-02
   5.79200685e-01  8.13745797e-01  3.33314674e-05 -7.37003065e-05
  -2.84402482e-02]]
for i in range(max_iters):
	i=0
backward_pass
for k in reversed(range(self.horizon)):
	k=49
linearize_dynamics
quadratize_cost
	k=48
linearize_dynamics
quadratize_cost
	k=47
linearize_dynamics
quadratize_cost
	k=46
linearize_dynamics
quadratize_cost
	k=45
linearize_dynamics
quadratize_cost
	k=44
linearize_dynamics
quadratize_cost
	k=43
linearize_dynamics
quadratize_cost
	k=42
linearize_dynamics
quadratize_cost
	k=41
linearize_dynamics
quadratize_cost
	k=40
linearize_dynamics
quadratize_cost
	k=39
linearize_dynamics
quadratize_cost
	k=38
linearize_dynamics
quadratize_cost
	k=37
linearize_dynamics
quadratize_cost
	k=36
linearize_dynamics
quadratize_cost
	k=35
linearize_dynamics
quadratize_cost
	k=34
linearize_dynamics
quadratize_cost
	k=33
linearize_dynamics
quadratize_cost
	k=32
linearize_dynamics
quadratize_cost
	k=31
linearize_dynamics
quadratize_cost
	k=30
linearize_dynamics
quadratize_cost
	k=29
linearize_dynamics
quadratize_cost
	k=28
linearize_dynamics
quadratize_cost
	k=27
linearize_dynamics
quadratize_cost
	k=26
linearize_dynamics
quadratize_cost
	k=25
linearize_dynamics
quadratize_cost
	k=24
linearize_dynamics
quadratize_cost
	k=23
linearize_dynamics
quadratize_cost
	k=22
linearize_dynamics
quadratize_cost
	k=21
linearize_dynamics
quadratize_cost
	k=20
linearize_dynamics
quadratize_cost
	k=19
linearize_dynamics
quadratize_cost
	k=18
linearize_dynamics
quadratize_cost
	k=17
linearize_dynamics
quadratize_cost
	k=16
linearize_dynamics
quadratize_cost
	k=15
linearize_dynamics
quadratize_cost
	k=14
linearize_dynamics
quadratize_cost
	k=13
linearize_dynamics
quadratize_cost
	k=12
linearize_dynamics
quadratize_cost
	k=11
linearize_dynamics
quadratize_cost
	k=10
linearize_dynamics
quadratize_cost
	k=9
linearize_dynamics
quadratize_cost
	k=8
linearize_dynamics
quadratize_cost
	k=7
linearize_dynamics
quadratize_cost
	k=6
linearize_dynamics
quadratize_cost
	k=5
linearize_dynamics
quadratize_cost
	k=4
linearize_dynamics
quadratize_cost
	k=3
linearize_dynamics
quadratize_cost
	k=2
linearize_dynamics
quadratize_cost
	k=1
linearize_dynamics
quadratize_cost
	k=0
linearize_dynamics
quadratize_cost
X_new=[[-7.87453055e-01 -1.52972832e-01 -4.29026604e+01 -2.87389696e-01
  -5.91113754e-02 -2.19503822e+01  1.47810811e-02  3.97651158e-02
   5.78065932e-01  8.14885199e-01  3.34517026e-05 -7.37003065e-05
  -2.12027444e-04]
 [-8.09554040e-01 -1.57121003e-01 -4.50547333e+01 -1.54630467e-01
  -2.38519795e-02 -2.10911198e+01  8.89194086e-02 -1.30063165e-02
   5.77773929e-01  8.11234474e-01 -3.72687243e-02 -7.37003065e-05
  -1.82681751e+00]
 [-8.19161296e-01 -1.70732543e-01 -4.71306076e+01 -3.75145376e-02
  -2.48378858e-01 -2.04264069e+01  2.25747794e-01 -1.12350784e-01
   5.57495594e-01  7.90957510e-01 -2.39300206e-01 -7.37000446e-05
  -3.46019506e+00]
 [-8.18381608e-01 -2.24816084e-01 -4.91566505e+01  5.31085879e-02
  -8.33292186e-01 -2.00944748e+01  4.04519767e-01 -2.44896188e-01
   5.01488686e-01  7.24498928e-01 -3.51746976e-01 -7.36917500e-05
  -4.87081242e+00]
 [-8.10385883e-01 -3.52067441e-01 -5.11733704e+01  1.06806755e-01
  -1.71173477e+00 -2.02398720e+01  5.93412519e-01 -3.88760507e-01
   3.93401712e-01  5.84775090e-01 -4.21996206e-01 -7.36953079e-05
  -6.10724640e+00]
 [-7.99186349e-01 -5.69966018e-01 -5.32343788e+01  1.17183983e-01
  -2.64623642e+00 -2.09802990e+01  7.47832835e-01 -5.12165189e-01
   2.25189328e-01  3.57382894e-01 -4.70136970e-01 -7.36802758e-05
  -7.21306467e+00]
 [-7.88821220e-01 -8.66485000e-01 -5.53968315e+01  9.01192278e-02
  -3.28414321e+00 -2.22687168e+01  8.15355480e-01 -5.76662362e-01
   5.06025553e-03  5.12872748e-02 -5.05994678e-01 -7.36761940e-05
  -8.22671032e+00]
 [-7.81954408e-01 -1.19657087e+00 -5.77000198e+01  4.72167432e-02
  -3.31757522e+00 -2.37950859e+01  7.48209655e-01 -5.45891941e-01
  -2.37078726e-01 -2.93219984e-01 -5.35034120e-01 -7.36879665e-05
  -9.17724895e+00]
 [-7.78610706e-01 -1.49913061e+00 -6.01419449e+01  1.96565539e-02
  -2.73361778e+00 -2.50434341e+01  5.22375584e-01 -3.99398983e-01
  -4.49904919e-01 -6.04309261e-01 -5.60554981e-01 -7.37151640e-05
  -1.00789204e+01]
 [-7.76191175e-01 -1.73443270e+00 -6.26751022e+01  2.87340805e-02
  -1.97242308e+00 -2.56196938e+01  1.58316255e-01 -1.48087993e-01
  -5.70644081e-01 -7.92067647e-01 -5.84467411e-01 -7.37043010e-05
  -1.09291887e+01]
 [-7.71502256e-01 -1.91619730e+00 -6.52396851e+01  6.50443286e-02
  -1.66287065e+00 -2.56721039e+01 -2.67553210e-01  1.56458586e-01
  -5.46282411e-01 -7.78146207e-01 -6.07580245e-01 -7.36812581e-05
  -1.17162762e+01]
 [-7.63523102e-01 -2.09968805e+00 -6.78152313e+01  9.45391506e-02
  -2.00694489e+00 -2.58388634e+01 -6.33663297e-01  4.28304583e-01
  -3.60379905e-01 -5.33996642e-01 -6.29883647e-01 -7.36388465e-05
  -1.24342461e+01]
 [-7.54146934e-01 -2.32710981e+00 -7.04372330e+01  9.29849520e-02
  -2.54148817e+00 -2.66011620e+01 -8.10672522e-01  5.72768986e-01
  -5.24057336e-02 -1.09541915e-01 -6.50893271e-01 -7.36503644e-05
  -1.30907803e+01]
 [-7.45970309e-01 -2.58595634e+00 -7.31556931e+01  7.05471560e-02
  -2.63544559e+00 -2.77680550e+01 -7.14622140e-01  5.24358690e-01
   2.83362150e-01  3.66154462e-01 -6.69847846e-01 -7.36695874e-05
  -1.36993237e+01]
 [-7.39473045e-01 -2.82779622e+00 -7.59786072e+01  5.93984164e-02
  -2.20135045e+00 -2.86902847e+01 -3.54369670e-01  2.82173038e-01
   5.24765551e-01  7.20709026e-01 -6.85846150e-01 -7.37432929e-05
  -1.42663088e+01]
 [-7.32785523e-01 -3.02841640e+00 -7.88659134e+01  7.43514597e-02
  -1.81105232e+00 -2.90558434e+01  1.51397362e-01 -7.51149952e-02
   5.69257438e-01  8.04600835e-01 -6.98206723e-01 -7.37700975e-05
  -1.47875891e+01]
 [-7.24349737e-01 -3.21510339e+00 -8.17836761e+01  9.43648964e-02
  -1.92269015e+00 -2.92994404e+01  6.06041849e-01 -4.09087986e-01
   3.84265900e-01  5.63648760e-01 -7.06962764e-01 -7.37995724e-05
  -1.52577906e+01]
 [-7.14886844e-01 -3.42441249e+00 -8.47460709e+01  9.48931724e-02
  -2.26349115e+00 -2.99484253e+01  8.12907875e-01 -5.75803399e-01
   3.41700502e-02  8.03971216e-02 -7.12994456e-01 -7.38435774e-05
  -1.56803761e+01]
 [-7.06071019e-01 -3.65220857e+00 -8.77880707e+01  8.14233348e-02
  -2.29243112e+00 -3.08916149e+01  6.67744219e-01 -4.92859423e-01
  -3.36073041e-01 -4.45266336e-01 -7.17659831e-01 -7.38073577e-05
  -1.60651836e+01]
 [-6.98130071e-01 -3.86588168e+00 -9.09132309e+01  7.73954168e-02
  -1.98103213e+00 -3.16114750e+01  2.19721109e-01 -1.86248556e-01
  -5.59840143e-01 -7.76925445e-01 -7.22252369e-01 -7.38706367e-05
  -1.64194736e+01]
 [-6.89828336e-01 -4.05505276e+00 -9.40924377e+01  8.86387825e-02
  -1.80238724e+00 -3.19726734e+01 -3.35338771e-01  2.10368291e-01
  -5.26944458e-01 -7.52078831e-01 -7.27544129e-01 -7.39449242e-05
  -1.67445850e+01]
 [-6.80546582e-01 -4.24345779e+00 -9.73104935e+01  9.69959572e-02
  -1.96571207e+00 -3.23885422e+01 -7.36843228e-01  5.11030734e-01
  -2.43580535e-01 -3.69564772e-01 -7.33568311e-01 -7.39133029e-05
  -1.70399475e+01]
 [-6.71122432e-01 -4.44798040e+00 -1.00585663e+02  9.14877802e-02
  -2.12474012e+00 -3.31148071e+01 -7.84417987e-01  5.66209257e-01
   1.60481170e-01  1.95809439e-01 -7.39752591e-01 -7.39814568e-05
  -1.73068371e+01]
 [-6.62341118e-01 -4.65408421e+00 -1.03935043e+02  8.41384381e-02
  -1.99733877e+00 -3.38729362e+01 -4.44473654e-01  3.41619909e-01
   4.88377810e-01  6.68749690e-01 -7.45283604e-01 -7.38917370e-05
  -1.75470791e+01]
 [-6.53768003e-01 -4.84401894e+00 -1.07347298e+02  8.73233601e-02
  -1.80136216e+00 -3.43721657e+01  1.21244773e-01 -5.63755296e-02
   5.73047101e-01  8.08541000e-01 -7.49520838e-01 -7.38219242e-05
  -1.77610760e+01]
 [-6.44700646e-01 -5.02517462e+00 -1.10804771e+02  9.40238386e-02
  -1.82174766e+00 -3.47773247e+01  6.28450871e-01 -4.27929461e-01
   3.66048783e-01  5.36595106e-01 -7.52309263e-01 -7.38021045e-05
  -1.79491196e+01]
 [-6.35349631e-01 -5.21324730e+00 -1.14311455e+02  9.29960832e-02
  -1.93970478e+00 -3.53563690e+01  8.13741148e-01 -5.80237329e-01
  -3.09297834e-02 -1.39077464e-02 -7.54009008e-01 -7.38301824e-05
  -1.81133652e+01]
 [-6.26319170e-01 -5.40567160e+00 -1.17880783e+02  8.76124129e-02
  -1.90877700e+00 -3.60301704e+01  5.75208485e-01 -4.30210829e-01
  -4.13490057e-01 -5.59535325e-01 -7.55239904e-01 -7.38968738e-05
  -1.82571831e+01]
 [-6.17580056e-01 -5.58993912e+00 -1.21511055e+02  8.71707052e-02
  -1.77656507e+00 -3.65752525e+01  3.28433998e-02 -5.29189259e-02
  -5.79754293e-01 -8.12407434e-01 -7.56549001e-01 -7.39746320e-05
  -1.83833256e+01]
 [-6.08688295e-01 -5.76596689e+00 -1.25190605e+02  9.06642377e-02
  -1.74398649e+00 -3.70158272e+01 -5.28708458e-01  3.53694588e-01
  -4.38812286e-01 -6.34674132e-01 -7.58182287e-01 -7.39587485e-05
  -1.84934196e+01]
 [-5.99615335e-01 -5.94333696e+00 -1.28917877e+02  9.07955915e-02
  -1.80341578e+00 -3.75297318e+01 -8.09189558e-01  5.72306216e-01
  -6.29377291e-02 -1.17118120e-01 -7.60044336e-01 -7.40382384e-05
  -1.85885735e+01]
 [-5.90704083e-01 -6.12349701e+00 -1.32700409e+02  8.74285251e-02
  -1.79978192e+00 -3.81207542e+01 -6.55245304e-01  4.83646333e-01
   3.47651273e-01  4.64627087e-01 -7.61836946e-01 -7.41041877e-05
  -1.86698017e+01]
 [-5.82032681e-01 -6.29958963e+00 -1.36539246e+02  8.59986916e-02
  -1.72206926e+00 -3.86561317e+01 -1.46970421e-01  1.33448422e-01
   5.71214080e-01  7.96433091e-01 -7.63271153e-01 -7.41938347e-05
  -1.87380848e+01]
 [-5.73376358e-01 -6.46980381e+00 -1.40428101e+02  8.71279463e-02
  -1.68221736e+00 -3.91207924e+01  4.41845506e-01 -2.89715350e-01
   4.85280424e-01  6.96663857e-01 -7.64226556e-01 -7.41355470e-05
  -1.87945251e+01]
 [-5.64666688e-01 -6.63878202e+00 -1.44364502e+02  8.70657042e-02
  -1.69734430e+00 -3.96071548e+01  7.90943861e-01 -5.55715621e-01
   1.35131389e-01  2.17549115e-01 -7.64779150e-01 -7.41440454e-05
  -1.88405209e+01]
 [-5.56058168e-01 -6.80827427e+00 -1.48351501e+02  8.51050690e-02
  -1.69249797e+00 -4.01330032e+01  7.08781362e-01 -5.18684089e-01
  -2.89119869e-01 -3.80795896e-01 -7.65112758e-01 -7.40540563e-05
  -1.88776379e+01]
 [-5.47618508e-01 -6.97541523e+00 -1.52390076e+02  8.36870745e-02
  -1.65031910e+00 -4.06385002e+01  2.38940403e-01 -1.97933495e-01
  -5.55618703e-01 -7.71373928e-01 -7.65398443e-01 -7.40637697e-05
  -1.89073238e+01]
 [-5.39260447e-01 -7.13884449e+00 -1.56477371e+02  8.34736675e-02
  -1.61826921e+00 -4.11075516e+01 -3.62097085e-01  2.31462047e-01
  -5.17937064e-01 -7.39629805e-01 -7.65718520e-01 -7.40607211e-05
  -1.89307709e+01]
 [-5.30938268e-01 -7.30029345e+00 -1.60611603e+02  8.29689950e-02
  -1.61070788e+00 -4.15773392e+01 -7.64823616e-01  5.34107685e-01
  -1.96147010e-01 -3.02159071e-01 -7.66061723e-01 -7.39477473e-05
  -1.89489403e+01]
 [-5.22705436e-01 -7.46078014e+00 -1.64793472e+02  8.16877857e-02
  -1.59902453e+00 -4.20600739e+01 -7.47770190e-01  5.43601692e-01
   2.33460531e-01  3.01385224e-01 -7.66369164e-01 -7.39462994e-05
  -1.89626541e+01]
 [-5.14595807e-01 -7.61940289e+00 -1.69023193e+02  8.05057511e-02
  -1.57342935e+00 -4.25342827e+01 -3.19840580e-01  2.54402220e-01
   5.34910679e-01  7.39494503e-01 -7.66591132e-01 -7.39717361e-05
  -1.89726658e+01]
 [-5.06583989e-01 -7.77555990e+00 -1.73299545e+02  7.97311515e-02
  -1.54971182e+00 -4.29925232e+01  2.84004390e-01 -1.74713925e-01
   5.42355120e-01  7.71146894e-01 -7.66717374e-01 -7.39647076e-05
  -1.89797001e+01]
 [-4.98651594e-01 -7.92971468e+00 -1.77621475e+02  7.89168775e-02
  -1.53338230e+00 -4.34460411e+01  7.31741726e-01 -5.07801354e-01
   2.51536936e-01  3.78709614e-01 -7.66771853e-01 -7.39780298e-05
  -1.89844398e+01]
 [-4.90810186e-01 -8.08222389e+00 -1.81988708e+02  7.79110491e-02
  -1.51681364e+00 -4.38987541e+01  7.77004957e-01 -5.61584532e-01
  -1.77668914e-01 -2.22081020e-01 -7.66788900e-01 -7.39061288e-05
  -1.89874859e+01]
 [-4.83068734e-01 -8.23293686e+00 -1.86400940e+02  7.69182816e-02
  -1.49744511e+00 -4.43457451e+01  3.94797951e-01 -3.06409359e-01
  -5.09151697e-01 -7.00722754e-01 -7.66793430e-01 -7.39393727e-05
  -1.89893360e+01]
 [-4.75422561e-01 -8.38172913e+00 -1.90857498e+02  7.60049224e-02
  -1.47840416e+00 -4.47854919e+01 -2.04638273e-01  1.17360838e-01
  -5.60508728e-01 -7.93838501e-01 -7.66795635e-01 -7.40158721e-05
  -1.89903793e+01]
 [-4.67867434e-01 -8.52867889e+00 -1.95357773e+02  7.50976577e-02
  -1.46058285e+00 -4.52199211e+01 -6.91485882e-01  4.76561964e-01
  -3.03460300e-01 -4.50164109e-01 -7.66796768e-01 -7.39396855e-05
  -1.89909058e+01]
 [-4.60403562e-01 -8.67385578e+00 -1.99901245e+02  7.41799921e-02
  -1.44294965e+00 -4.56495399e+01 -7.97855020e-01  5.73542714e-01
   1.20564967e-01  1.41209885e-01 -7.66796291e-01 -7.39128154e-05
  -1.89911327e+01]
 [-4.53030884e-01 -8.81726933e+00 -2.04487427e+02  7.32733831e-02
  -1.42532909e+00 -4.60738983e+01 -4.65210915e-01  3.54936093e-01
   4.78251189e-01  6.54885471e-01 -7.66794980e-01 -7.37901282e-05
  -1.89912071e+01]
 [-4.45748210e-01 -8.95893288e+00 -2.09115768e+02  7.23800734e-02
  -1.40793443e+00 -4.64930191e+01  1.23412542e-01 -5.89718632e-02
   5.72782993e-01  8.08214843e-01 -7.66794145e-01 -7.38342060e-05
  -1.89912224e+01]
 [-4.38554347e-01 -9.09886837e+00 -2.13785782e+02  7.14974254e-02
  -1.39076471e+00 -4.69070320e+01  6.44129038e-01 -4.40430909e-01
   3.52144718e-01  5.16829193e-01 -7.66793966e-01 -7.38487506e-05
  -1.89912224e+01]]
	i=1
backward_pass
for k in reversed(range(self.horizon)):
	k=49
linearize_dynamics
quadratize_cost
	k=48
linearize_dynamics
quadratize_cost
	k=47
linearize_dynamics
quadratize_cost
	k=46
linearize_dynamics
quadratize_cost
	k=45
linearize_dynamics
quadratize_cost
	k=44
linearize_dynamics
