x0:[-2.12847721e-03 -2.14383611e-03 -2.27007442e-01 -1.89230740e-02
 -1.92276463e-02 -4.30203629e+00  1.12333037e-02  3.00282054e-02
  6.28543675e-01  7.77113259e-01 -1.11665388e-04  9.13875410e-05
  9.21770479e-05]
self.motor_rpms:[150. 152. 150. 152.]
self.x_target_traj:[[-1.37001837e-06 -1.38742496e-06 -5.00000000e+00 -5.55851450e-03
  -5.57105662e-03 -1.25146520e+00  1.13013322e-02  3.01804040e-02
   6.28638148e-01  7.77029872e-01  3.27755319e-04  1.86054735e-04
   8.71645825e-05]
 [-9.74573428e-04 -9.76160110e-04 -5.00000000e+00 -1.27776153e-02
  -1.28566725e-02 -2.89401150e+00  1.12704355e-02  3.00812945e-02
   6.28612041e-01  7.77055383e-01  1.39441909e-05  4.60950308e-04
   2.53142323e-04]
 [-1.02707604e-03 -1.02899666e-03 -5.00000000e+00 -1.31256599e-02
  -1.32091511e-02 -2.97221446e+00  1.12686865e-02  3.00778877e-02
   6.28614485e-01  7.77053535e-01 -3.14568533e-05  2.28281133e-04
   2.72849138e-05]
 [-1.02707604e-03 -1.02899666e-03 -5.00000000e+00 -1.34578068e-02
  -1.35605959e-02 -3.05043149e+00  1.12665109e-02  3.00738197e-02
   6.28611386e-01  7.77056217e-01  1.93826592e-04  3.01071792e-04
  -3.14636709e-05]
 [-1.13610341e-03 -1.13893719e-03 -5.00000000e+00 -1.37990154e-02
  -1.39245186e-02 -3.12866521e+00  1.12654502e-02  3.00717242e-02
   6.28607631e-01  7.77059376e-01  2.29066791e-04  3.22927837e-04
   7.48701423e-05]
 [-1.19263935e-03 -1.19603658e-03 -5.00000000e+00 -1.41339721e-02
  -1.42748607e-02 -3.20689034e+00  1.12647014e-02  3.00692450e-02
   6.28603697e-01  7.77062774e-01  1.91486062e-04  2.46457523e-04
  -2.76843639e-05]
 [-1.25058484e-03 -1.25457440e-03 -5.00000000e+00 -1.48305148e-02
  -1.49859609e-02 -3.36331153e+00  1.12604219e-02  3.00637167e-02
   6.28592372e-01  7.77072132e-01  1.07954162e-04  3.32805561e-04
  -7.31511682e-06]
 [-1.37058005e-03 -1.37588009e-03 -5.00000000e+00 -1.51682878e-02
  -1.53404558e-02 -3.44153023e+00  1.12593016e-02  3.00610363e-02
   6.28588378e-01  7.77075469e-01  1.30660919e-06  2.30851583e-04
   6.61439990e-05]
 [-1.43261591e-03 -1.43866625e-03 -5.00000000e+00 -1.58552229e-02
  -1.60454158e-02 -3.59797549e+00  1.12542612e-02  3.00524645e-02
   6.28578782e-01  7.77083635e-01  1.03189916e-04  1.94169581e-04
   4.70152409e-05]
 [-1.49603677e-03 -1.50284788e-03 -5.00000000e+00 -1.61984358e-02
  -1.63844153e-02 -3.67620611e+00  1.12486612e-02  3.00444178e-02
   6.28570914e-01  7.77090430e-01 -1.99722024e-04  2.90693715e-04
   1.76201793e-04]
 [-1.49603677e-03 -1.50284788e-03 -5.00000000e+00 -1.61984358e-02
  -1.63844153e-02 -3.67620611e+00  1.12486612e-02  3.00444178e-02
   6.28570914e-01  7.77090430e-01 -1.99722024e-04  2.90693715e-04
   1.76201793e-04]]
self.u_target_traj:[[150. 152. 150. 152.]
 [150. 152. 150. 152.]
 [150. 152. 150. 152.]
 [150. 152. 150. 152.]
 [150. 152. 150. 152.]
 [150. 152. 150. 152.]
 [150. 152. 150. 152.]
 [150. 152. 150. 152.]
 [150. 152. 150. 152.]
 [150. 152. 150. 152.]]
