x0:[ 7.74247712e-03 -8.12072121e-03 -2.27007442e-01  6.78094327e-02
 -7.13748410e-02  4.01142286e-03 -1.51399747e-02  2.30107475e-02
  6.81961417e-01  7.30869353e-01  2.74190796e-04  3.13402066e-04
  4.45366139e-04]
self.motor_rpms:[150. 152. 150. 152.]
self.x_target_traj:[[ 3.79503617e-04 -3.95121839e-04 -5.00000000e+00  3.28185298e-02
  -3.42773646e-02  2.20352528e-03 -1.50720384e-02  2.30143107e-02
   6.82219982e-01  7.30629265e-01  3.35713674e-04  6.11069263e-05
   2.66052666e-04]
 [ 3.98401543e-03 -4.16685641e-03 -5.00000000e+00  4.84786853e-02
  -5.09295240e-02  3.02454224e-03 -1.50673511e-02  2.30181944e-02
   6.82130873e-01  7.30712414e-01  3.26338923e-04  2.15231121e-04
   1.55493617e-04]
 [ 4.18277271e-03 -4.37569572e-03 -5.00000000e+00  4.96892631e-02
  -5.22098802e-02  3.08361067e-03 -1.50682982e-02  2.30183154e-02
   6.82123125e-01  7.30719745e-01  3.53746349e-04  1.82511198e-04
   1.85714336e-04]
 [ 4.18277271e-03 -4.37569572e-03 -5.00000000e+00  5.08821979e-02
  -5.34800142e-02  3.15317279e-03 -1.50709730e-02  2.30185390e-02
   6.82111800e-01  7.30730116e-01  1.77837501e-04  3.38996790e-04
   2.87578674e-04]
 [ 4.59464453e-03 -4.80862428e-03 -5.00000000e+00  5.20857535e-02
  -5.47521301e-02  3.22000985e-03 -1.50722004e-02  2.30182000e-02
   6.82104588e-01  7.30736852e-01  1.92195934e-04  1.11741916e-04
   3.67221655e-04]
 [ 4.80782334e-03 -5.03270840e-03 -5.00000000e+00  5.56940995e-02
  -5.85759506e-02  3.40705225e-03 -1.50805786e-02  2.30169352e-02
   6.82072818e-01  7.30766416e-01  1.01939659e-05  1.77942071e-04
   3.21669737e-04]
 [ 5.47617441e-03 -5.73559990e-03 -5.00000000e+00  5.69006875e-02
  -5.98541945e-02  3.46926297e-03 -1.50837265e-02  2.30166912e-02
   6.82061851e-01  7.30776608e-01  1.85183773e-04  2.50590296e-04
   2.66575953e-04]
 [ 5.47617441e-03 -5.73559990e-03 -5.00000000e+00  5.69006875e-02
  -5.98541945e-02  3.46926297e-03 -1.50837265e-02  2.30166912e-02
   6.82061851e-01  7.30776608e-01  1.85183773e-04  2.50590296e-04
   2.66575953e-04]
 [ 5.94586786e-03 -6.22974522e-03 -5.00000000e+00  5.93150631e-02
  -6.24094456e-02  3.58132296e-03 -1.50949033e-02  2.30156742e-02
   6.82036221e-01  7.30800271e-01  2.91715696e-04  3.15051671e-04
   3.77505319e-04]
 [ 5.94586786e-03 -6.22974522e-03 -5.00000000e+00  6.17345385e-02
  -6.49795532e-02  3.70680401e-03 -1.51070766e-02  2.30136551e-02
   6.82012260e-01  7.30822504e-01  2.39503104e-04  2.25480559e-04
   2.78147869e-04]
 [ 5.94586786e-03 -6.22974522e-03 -5.00000000e+00  6.17345385e-02
  -6.49795532e-02  3.70680401e-03 -1.51070766e-02  2.30136551e-02
   6.82012260e-01  7.30822504e-01  2.39503104e-04  2.25480559e-04
   2.78147869e-04]]
self.u_target_traj:[[150. 152. 150. 152.]
 [150. 152. 150. 152.]
 [150. 152. 150. 152.]
 [150. 152. 150. 152.]
 [150. 152. 150. 152.]
 [150. 152. 150. 152.]
 [150. 152. 150. 152.]
 [150. 152. 150. 152.]
 [150. 152. 150. 152.]
 [150. 152. 150. 152.]]
x0:[ 1.41299522e+00 -1.52399373e+00 -2.27657901e-01  9.17845666e-01
 -9.80430424e-01  5.95529042e-02 -1.46783898e-02  2.08348706e-02
  6.82731152e-01  7.30225027e-01  1.71185238e-05  1.02925929e-04
  8.24418385e-05]
self.motor_rpms:[150. 152. 150. 152.]
self.x_target_traj:[[ 1.36927164e+00 -1.47725821e+00 -5.00000000e+00  9.02757704e-01
  -9.65624034e-01  5.81834838e-02 -1.46645010e-02  2.08654348e-02
   6.82655394e-01  7.30295300e-01 -1.01011712e-04  9.83119244e-05
   3.99909681e-04]
 [ 1.37288773e+00 -1.48112571e+00 -5.00000000e+00  9.04011905e-01
  -9.66863573e-01  5.82921170e-02 -1.46665499e-02  2.08640397e-02
   6.82660341e-01  7.30290711e-01 -1.38949195e-04  1.22125726e-04
   2.90425494e-04]
 [ 1.37288773e+00 -1.48112571e+00 -5.00000000e+00  9.04011905e-01
  -9.66863573e-01  5.82921170e-02 -1.46665499e-02  2.08640397e-02
   6.82660341e-01  7.30290711e-01 -1.38949195e-04  1.22125726e-04
   2.90425494e-04]
 [ 1.37650871e+00 -1.48499811e+00 -5.00000000e+00  9.05244410e-01
  -9.68101919e-01  5.84122464e-02 -1.46683138e-02  2.08619721e-02
   6.82665050e-01  7.30286300e-01 -2.19069771e-04  5.52549027e-05
  -4.10247594e-07]
 [ 1.38013470e+00 -1.48887551e+00 -5.00000000e+00  9.06493068e-01
  -9.69338417e-01  5.85183613e-02 -1.46720940e-02  2.08595544e-02
   6.82672322e-01  7.30279505e-01 -3.16806487e-04  1.81827694e-04
   2.95148464e-04]
 [ 1.38376570e+00 -1.49275780e+00 -5.00000000e+00  9.09002662e-01
  -9.71811652e-01  5.87579980e-02 -1.46767246e-02  2.08554864e-02
   6.82685375e-01  7.30267346e-01 -2.26358708e-04  1.79723487e-04
   7.71250343e-05]
 [ 1.39104271e+00 -1.50053728e+00 -5.00000000e+00  9.11530733e-01
  -9.74271655e-01  5.89841492e-02 -1.46801565e-02  2.08512507e-02
   6.82697117e-01  7.30256438e-01  1.37799652e-05 -1.14386145e-04
   2.64276750e-05]
 [ 1.39833999e+00 -1.50833631e+00 -5.00000000e+00  9.12789881e-01
  -9.75498080e-01  5.90999462e-02 -1.46804135e-02  2.08481885e-02
   6.82703912e-01  7.30250120e-01 -1.44348131e-04 -1.53205474e-05
  -8.39134445e-05]
 [ 1.40199614e+00 -1.51224327e+00 -5.00000000e+00  9.14047420e-01
  -9.76735115e-01  5.92131503e-02 -1.46798305e-02  2.08417084e-02
   6.82717443e-01  7.30237663e-01 -1.66049809e-04 -4.94148117e-06
   3.39104561e-04]
 [ 1.40565741e+00 -1.51615512e+00 -5.00000000e+00  9.16587055e-01
  -9.79201555e-01  5.94447032e-02 -1.46795614e-02  2.08385196e-02
   6.82723403e-01  7.30232239e-01 -2.75620027e-04 -9.51217953e-06
   3.51838535e-04]
 [ 1.40565741e+00 -1.51615512e+00 -5.00000000e+00  9.16587055e-01
  -9.79201555e-01  5.94447032e-02 -1.46795614e-02  2.08385196e-02
   6.82723403e-01  7.30232239e-01 -2.75620027e-04 -9.51217953e-06
   3.51838535e-04]]
self.u_target_traj:[[150. 152. 150. 152.]
 [150. 152. 150. 152.]
 [150. 152. 150. 152.]
 [150. 152. 150. 152.]
 [150. 152. 150. 152.]
 [150. 152. 150. 152.]
 [150. 152. 150. 152.]
 [150. 152. 150. 152.]
 [150. 152. 150. 152.]
 [150. 152. 150. 152.]]
x0:[ 1.49504948e+00 -1.61153173e+00 -2.27007442e-01  9.45757985e-01
 -1.00788128e+00  6.20601401e-02 -1.46698533e-02  2.07492150e-02
  6.82849646e-01  7.30116844e-01 -1.95876870e-04  1.51785614e-04
  2.53921957e-04]
self.motor_rpms:[150. 152. 150. 152.]
self.x_target_traj:[[ 1.4462657e+00 -1.5595123e+00 -5.0000000e+00  9.3053031e-01
  -9.9285722e-01  6.0703967e-02 -1.4669672e-02  2.0800231e-02
   6.8278593e-01  7.3017502e-01 -2.5272410e-04  3.3430406e-06
  -9.9143828e-05]
 [ 1.4499878e+00 -1.5634837e+00 -5.0000000e+00  9.3053031e-01
  -9.9285722e-01  6.0703967e-02 -1.4669672e-02  2.0800231e-02
   6.8278593e-01  7.3017502e-01 -2.5272410e-04  3.3430406e-06
  -9.9143828e-05]
 [ 1.4537150e+00 -1.5674602e+00 -5.0000000e+00  9.3180132e-01
  -9.9411035e-01  6.0807779e-02 -1.4670137e-02  2.0796258e-02
   6.8279153e-01  7.3016983e-01 -2.7850317e-04  1.0243233e-04
   9.1146096e-05]
 [ 1.4574473e+00 -1.5714417e+00 -5.0000000e+00  9.3435180e-01
  -9.9660498e-01  6.1023057e-02 -1.4669940e-02  2.0787232e-02
   6.8280584e-01  7.3015678e-01 -1.5308528e-04 -3.2003212e-05
   1.8841703e-04]
 [ 1.4686748e+00 -1.5834161e+00 -5.0000000e+00  9.3688375e-01
  -9.9911463e-01  6.1237983e-02 -1.4669702e-02  2.0778501e-02
   6.8281740e-01  7.3014623e-01 -4.1125342e-05  9.0780377e-05
   1.1007767e-04]
 [ 1.4686748e+00 -1.5834161e+00 -5.0000000e+00  9.3688375e-01
  -9.9911463e-01  6.1237983e-02 -1.4669702e-02  2.0778501e-02
   6.8281740e-01  7.3014623e-01 -4.1125342e-05  9.0780377e-05
   1.1007767e-04]
 [ 1.4724274e+00 -1.5874176e+00 -5.0000000e+00  9.3942732e-01
  -1.0016286e+00  6.1483305e-02 -1.4669165e-02  2.0770341e-02
   6.8282825e-01  7.3013628e-01 -1.1555193e-04 -5.2796095e-06
   2.5949313e-04]
 [ 1.4761851e+00 -1.5914241e+00 -5.0000000e+00  9.4069356e-01
  -1.0028862e+00  6.1599828e-02 -1.4669027e-02  2.0767637e-02
   6.8283248e-01  7.3013246e-01 -1.0210974e-04  9.5158874e-05
   2.3600191e-04]
 [ 1.4837157e+00 -1.5994521e+00 -5.0000000e+00  9.4196498e-01
  -1.0041373e+00  6.1708163e-02 -1.4669868e-02  2.0762768e-02
   6.8283749e-01  7.3012781e-01 -2.2567704e-04  1.1048687e-05
   4.0444778e-05]
 [ 1.4874885e+00 -1.6034737e+00 -5.0000000e+00  9.4322604e-01
  -1.0053838e+00  6.1828669e-02 -1.4669377e-02  2.0754557e-02
   6.8284678e-01  7.3011947e-01 -2.3237680e-04  7.3105737e-05
   1.6296154e-04]
 [ 1.4874885e+00 -1.6034737e+00 -5.0000000e+00  9.4322604e-01
  -1.0053838e+00  6.1828669e-02 -1.4669377e-02  2.0754557e-02
   6.8284678e-01  7.3011947e-01 -2.3237680e-04  7.3105737e-05
   1.6296154e-04]]
self.u_target_traj:[[150. 152. 150. 152.]
 [150. 152. 150. 152.]
 [150. 152. 150. 152.]
 [150. 152. 150. 152.]
 [150. 152. 150. 152.]
 [150. 152. 150. 152.]
 [150. 152. 150. 152.]
 [150. 152. 150. 152.]
 [150. 152. 150. 152.]
 [150. 152. 150. 152.]]
x0:[ 1.57955575e+00 -1.70148420e+00 -2.27007442e-01  9.73562479e-01
 -1.03516877e+00  6.48933351e-02 -1.46423411e-02  2.06654258e-02
  6.82919323e-01  7.30054677e-01 -1.77221140e-04 -5.99463237e-06
  2.64598173e-04]
self.motor_rpms:[150. 152. 150. 152.]
self.x_target_traj:[[ 1.53315830e+00 -1.65212095e+00 -5.00000000e+00  9.58393395e-01
  -1.02034676e+00  6.33105561e-02 -1.46628693e-02  2.06918344e-02
   6.82880580e-01  7.30089784e-01 -2.38999026e-04  4.75821435e-05
   1.25291757e-04]
 [ 1.54084063e+00 -1.66029871e+00 -5.00000000e+00  9.60927248e-01
  -1.02283728e+00  6.35801181e-02 -1.46600148e-02  2.06865575e-02
   6.82886839e-01  7.30084121e-01 -2.26072560e-04  9.22750332e-05
   1.17766554e-04]
 [ 1.54468942e+00 -1.66439509e+00 -5.00000000e+00  9.62194085e-01
  -1.02408588e+00  6.37003556e-02 -1.46578494e-02  2.06835214e-02
   6.82891011e-01  7.30080307e-01 -2.85888324e-04  2.93897174e-04
   1.16100302e-04]
 [ 1.54854321e+00 -1.66849637e+00 -5.00000000e+00  9.64730144e-01
  -1.02655661e+00  6.39657304e-02 -1.46559458e-02  2.06788667e-02
   6.82897568e-01  7.30074346e-01 -1.91397441e-04  2.96651269e-05
   8.31953948e-05]
 [ 1.55240214e+00 -1.67260265e+00 -5.00000000e+00  9.65995908e-01
  -1.02779043e+00  6.41001388e-02 -1.46529097e-02  2.06765719e-02
   6.82901740e-01  7.30070591e-01  1.07518281e-05 -4.84710908e-05
   2.12727464e-04]
 [ 1.55626607e+00 -1.67671382e+00 -5.00000000e+00  9.67255354e-01
  -1.02902675e+00  6.42305315e-02 -1.46508319e-02  2.06747353e-02
   6.82904720e-01  7.30067849e-01 -7.50029576e-05 -1.16867537e-04
   2.12662504e-04]
 [ 1.56400919e+00 -1.68495095e+00 -5.00000000e+00  9.68512475e-01
  -1.03025496e+00  6.43678233e-02 -1.46487514e-02  2.06726380e-02
   6.82908952e-01  7.30063975e-01 -1.35403941e-04  4.84141638e-05
   2.14920263e-04]
 [ 1.56788826e+00 -1.68907690e+00 -5.00000000e+00  9.69771147e-01
  -1.03148937e+00  6.44996464e-02 -1.46468552e-02  2.06709672e-02
   6.82911336e-01  7.30061829e-01 -1.01839949e-04 -2.87004514e-06
   1.84804085e-04]
 [ 1.57177234e+00 -1.69320774e+00 -5.00000000e+00  9.71027672e-01
  -1.03271508e+00  6.46317899e-02 -1.46451117e-02  2.06688009e-02
   6.82914674e-01  7.30058908e-01 -2.17020686e-04 -1.08379754e-05
   2.57563894e-04]
 [ 1.57566154e+00 -1.69734359e+00 -5.00000000e+00  9.72293615e-01
  -1.03394783e+00  6.47548884e-02 -1.46441972e-02  2.06674878e-02
   6.82916284e-01  7.30057418e-01 -1.98015419e-04 -3.14071076e-06
   7.02769030e-05]
 [ 1.57566154e+00 -1.69734359e+00 -5.00000000e+00  9.72293615e-01
  -1.03394783e+00  6.47548884e-02 -1.46441972e-02  2.06674878e-02
   6.82916284e-01  7.30057418e-01 -1.98015419e-04 -3.14071076e-06
   7.02769030e-05]]
self.u_target_traj:[[150. 152. 150. 152.]
 [150. 152. 150. 152.]
 [150. 152. 150. 152.]
 [150. 152. 150. 152.]
 [150. 152. 150. 152.]
 [150. 152. 150. 152.]
 [150. 152. 150. 152.]
 [150. 152. 150. 152.]
 [150. 152. 150. 152.]
 [150. 152. 150. 152.]]
x0:[ 1.68662548e+00 -1.81513095e+00 -2.27007442e-01  1.00797617e+00
 -1.06811035e+00  6.84687719e-02 -1.45866564e-02  2.05407981e-02
  6.83046460e-01  7.29940295e-01 -4.62133263e-04  5.80211054e-05
  2.73768441e-04]
self.motor_rpms:[150. 152. 150. 152.]
self.x_target_traj:[[ 1.63064384e+00 -1.75575936e+00 -5.00000000e+00  9.91373897e-01
  -1.05229115e+00  6.68249428e-02 -1.46112544e-02  2.05977596e-02
   6.82973146e-01  7.30006814e-01 -2.74553488e-04 -3.48763424e-05
   2.75211059e-04]
 [ 1.63857996e+00 -1.76418257e+00 -5.00000000e+00  9.92651343e-01
  -1.05350709e+00  6.69547915e-02 -1.46084297e-02  2.05914024e-02
   6.82976663e-01  7.30003834e-01 -2.82958674e-04  6.59696525e-06
   2.60857982e-04]
 [ 1.64255571e+00 -1.76840150e+00 -5.00000000e+00  9.95194316e-01
  -1.05595219e+00  6.72114342e-02 -1.46047445e-02  2.05813814e-02
   6.82981908e-01  7.29999185e-01 -3.85363179e-04 -3.42158019e-05
   2.91026779e-04]
 [ 1.65052235e+00 -1.77685404e+00 -5.00000000e+00  9.96478856e-01
  -1.05716753e+00  6.73334599e-02 -1.46026844e-02  2.05774102e-02
   6.82987750e-01  7.29993880e-01 -1.14790164e-04 -6.89823064e-05
   5.83628425e-05]
 [ 1.65451336e+00 -1.78108764e+00 -5.00000000e+00  9.99019682e-01
  -1.05960476e+00  6.75859153e-02 -1.45978900e-02  2.05660481e-02
   6.83003962e-01  7.29979217e-01 -1.92232779e-04  7.73644424e-05
   3.58480378e-04]
 [ 1.66251075e+00 -1.78956926e+00 -5.00000000e+00  1.00030553e+00
  -1.06082749e+00  6.77103847e-02 -1.45960413e-02  2.05631573e-02
   6.83009624e-01  7.29973972e-01 -6.97774813e-05  5.83456713e-05
   3.08151240e-04]
 [ 1.66651714e+00 -1.79381740e+00 -5.00000000e+00  1.00158501e+00
  -1.06203485e+00  6.78339601e-02 -1.45942792e-02  2.05597617e-02
   6.83014572e-01  7.29969501e-01 -1.68734638e-04 -1.47230458e-04
   1.53784757e-04]
 [ 1.67052865e+00 -1.79807043e+00 -5.00000000e+00  1.00413907e+00
  -1.06445599e+00  6.80847988e-02 -1.45901414e-02  2.05492731e-02
   6.83029413e-01  7.29955971e-01 -2.86813476e-04  3.93646187e-05
   2.44162162e-04]
 [ 1.67454517e+00 -1.80232823e+00 -5.00000000e+00  1.00542355e+00
  -1.06567097e+00  6.82091340e-02 -1.45890061e-02  2.05461420e-02
   6.83034658e-01  7.29951203e-01 -2.59304012e-04 -6.19410421e-05
   3.53945536e-04]
 [ 1.67856681e+00 -1.80659091e+00 -5.00000000e+00  1.00669765e+00
  -1.06687975e+00  6.83395714e-02 -1.45866768e-02  2.05429681e-02
   6.83041394e-01  7.29945004e-01 -2.90417171e-04 -1.06853666e-04
   2.89392192e-05]
 [ 1.67856681e+00 -1.80659091e+00 -5.00000000e+00  1.00669765e+00
  -1.06687975e+00  6.83395714e-02 -1.45866768e-02  2.05429681e-02
   6.83041394e-01  7.29945004e-01 -2.90417171e-04 -1.06853666e-04
   2.89392192e-05]]
self.u_target_traj:[[150. 152. 150. 152.]
 [150. 152. 150. 152.]
 [150. 152. 150. 152.]
 [150. 152. 150. 152.]
 [150. 152. 150. 152.]
 [150. 152. 150. 152.]
 [150. 152. 150. 152.]
 [150. 152. 150. 152.]
 [150. 152. 150. 152.]
 [150. 152. 150. 152.]]
x0:[ 1.77248383e+00 -1.90597391e+00 -2.27657901e-01  1.03499067e+00
 -1.09359181e+00  7.11263716e-02 -1.45825204e-02  2.05333829e-02
  6.83122277e-01  7.29869664e-01 -3.31719057e-04 -3.02156550e-05
  2.22608563e-04]
self.motor_rpms:[0. 0. 0. 0.]
self.x_target_traj:[[ 1.71499264e+00 -1.84517407e+00 -5.00000000e+00  1.01826978e+00
  -1.07783377e+00  6.95094764e-02 -1.45820156e-02  2.05295812e-02
   6.83084428e-01  7.29905188e-01 -4.32764122e-04  2.72573147e-04
   1.01270969e-04]
 [ 1.72314394e+00 -1.85380161e+00 -5.00000000e+00  1.01955831e+00
  -1.07903862e+00  6.96266741e-02 -1.45826284e-02  2.05286909e-02
   6.83087647e-01  7.29902208e-01 -3.34652665e-04  1.83742377e-05
   1.80735253e-04]
 [ 1.72722733e+00 -1.85812259e+00 -5.00000000e+00  1.02084053e+00
  -1.08025146e+00  6.97590336e-02 -1.45826722e-02  2.05278788e-02
   6.83089018e-01  7.29900897e-01 -3.38113110e-04 -2.49896548e-05
   7.65059376e-05]
 [ 1.73131585e+00 -1.86244845e+00 -5.00000000e+00  1.02341890e+00
  -1.08268595e+00  7.00112209e-02 -1.45825893e-02  2.05271877e-02
   6.83094025e-01  7.29896247e-01 -2.20500224e-04 -4.92674881e-05
   1.20228040e-04]
 [ 1.73950827e+00 -1.87111485e+00 -5.00000000e+00  1.02469933e+00
  -1.08390343e+00  7.01317862e-02 -1.45812221e-02  2.05278229e-02
   6.83096766e-01  7.29893744e-01 -1.95840490e-04 -1.02934951e-04
   8.87513161e-05]
 [ 1.74361217e+00 -1.87545526e+00 -5.00000000e+00  1.02598310e+00
  -1.08510387e+00  7.02623501e-02 -1.45813394e-02  2.05281992e-02
   6.83098793e-01  7.29891837e-01 -3.62347346e-04  6.16581528e-05
   2.18973146e-04]
 [ 1.74772120e+00 -1.87980056e+00 -5.00000000e+00  1.02726674e+00
  -1.08631492e+00  7.03915283e-02 -1.45818228e-02  2.05289815e-02
   6.83101416e-01  7.29889333e-01 -3.34561511e-04 -6.33579330e-05
   2.11561215e-04]
 [ 1.74772120e+00 -1.87980056e+00 -5.00000000e+00  1.02855349e+00
  -1.08752489e+00  7.05113634e-02 -1.45813003e-02  2.05292888e-02
   6.83103681e-01  7.29887187e-01 -1.20762794e-04 -6.13835291e-05
   4.51191678e-04]
 [ 1.75595486e+00 -1.88850558e+00 -5.00000000e+00  1.02983534e+00
  -1.08873951e+00  7.06404895e-02 -1.45809595e-02  2.05307342e-02
   6.83106840e-01  7.29884267e-01 -3.65202839e-04 -3.88484332e-05
   2.17938679e-04]
 [ 1.75595486e+00 -1.88850558e+00 -5.00000000e+00  1.03112614e+00
  -1.08994997e+00  7.07645193e-02 -1.45810442e-02  2.05304865e-02
   6.83108032e-01  7.29883075e-01 -3.39806487e-04 -6.76038326e-05
   1.27113541e-04]
 [ 1.75595486e+00 -1.88850558e+00 -5.00000000e+00  1.03112614e+00
  -1.08994997e+00  7.07645193e-02 -1.45810442e-02  2.05304865e-02
   6.83108032e-01  7.29883075e-01 -3.39806487e-04 -6.76038326e-05
   1.27113541e-04]]
self.u_target_traj:[[0. 0. 0. 0.]
 [0. 0. 0. 0.]
 [0. 0. 0. 0.]
 [0. 0. 0. 0.]
 [0. 0. 0. 0.]
 [0. 0. 0. 0.]
 [0. 0. 0. 0.]
 [0. 0. 0. 0.]
 [0. 0. 0. 0.]
 [0. 0. 0. 0.]]
x0:[ 1.84788573e+00 -1.98554039e+00 -2.27657901e-01  1.05820239e+00
 -1.11533344e+00  7.34048784e-02 -1.46044753e-02  2.05192082e-02
  6.83217406e-01  7.29780614e-01 -2.13990454e-04 -4.74905246e-05
  3.74158961e-04]
self.motor_rpms:[0. 0. 0. 0.]
self.x_target_traj:[[ 1.7932609e+00 -1.9279186e+00 -5.0000000e+00  1.0414379e+00
  -1.0996615e+00  7.1749747e-02 -1.4587996e-02  2.0532444e-02
   6.8314332e-01  7.2984993e-01 -1.7703586e-04  7.9795660e-05
   1.7899845e-04]
 [ 1.7974319e+00 -1.9323220e+00 -5.0000000e+00  1.0427401e+00
  -1.1008732e+00  7.1867421e-02 -1.4589787e-02  2.0530239e-02
   6.8315214e-01  7.2984171e-01 -3.3964479e-04 -7.9967023e-05
   2.4108880e-04]
 [ 1.8057894e+00 -1.9411435e+00 -5.0000000e+00  1.0453128e+00
  -1.1032932e+00  7.2111778e-02 -1.4591912e-02  2.0528650e-02
   6.8315697e-01  7.2983718e-01 -2.9233034e-04  1.0408432e-04
   1.3546820e-04]
 [ 1.8099757e+00 -1.9455615e+00 -5.0000000e+00  1.0466070e+00
  -1.1045089e+00  7.2237894e-02 -1.4592339e-02  2.0528216e-02
   6.8316042e-01  7.2983396e-01 -1.3910985e-04 -7.4620068e-05
   2.2526679e-04]
 [ 1.8099757e+00 -1.9455615e+00 -5.0000000e+00  1.0491902e+00
  -1.1069191e+00  7.2489247e-02 -1.4595523e-02  2.0526681e-02
   6.8316793e-01  7.2982681e-01 -2.9545487e-04  2.2030843e-05
   8.2203769e-05]
 [ 1.8183641e+00 -1.9544121e+00 -5.0000000e+00  1.0491902e+00
  -1.1069191e+00  7.2489247e-02 -1.4595523e-02  2.0526681e-02
   6.8316793e-01  7.2982681e-01 -2.9545487e-04  2.2030843e-05
   8.2203769e-05]
 [ 1.8225660e+00 -1.9588445e+00 -5.0000000e+00  1.0504835e+00
  -1.1081187e+00  7.2607599e-02 -1.4599242e-02  2.0523684e-02
   6.8317991e-01  7.2981560e-01 -4.0363852e-04  6.6132343e-05
   3.1872082e-04]
 [ 1.8267732e+00 -1.9632819e+00 -5.0000000e+00  1.0530597e+00
  -1.1105307e+00  7.2854631e-02 -1.4600907e-02  2.0522751e-02
   6.8318868e-01  7.2980744e-01 -1.1082849e-04  4.1075575e-05
   2.3120048e-04]
 [ 1.8352028e+00 -1.9721708e+00 -5.0000000e+00  1.0556296e+00
  -1.1129328e+00  7.3115781e-02 -1.4601767e-02  2.0520108e-02
   6.8320292e-01  7.2979420e-01 -2.5798328e-04  1.4015823e-06
   2.8382346e-04]
 [ 1.8394253e+00 -1.9766226e+00 -5.0000000e+00  1.0569178e+00
  -1.1141248e+00  7.3266834e-02 -1.4603349e-02  2.0520044e-02
   6.8320870e-01  7.2978878e-01 -2.8222403e-04  2.6188494e-04
   3.7450914e-04]
 [ 1.8394253e+00 -1.9766226e+00 -5.0000000e+00  1.0569178e+00
  -1.1141248e+00  7.3266834e-02 -1.4603349e-02  2.0520044e-02
   6.8320870e-01  7.2978878e-01 -2.8222403e-04  2.6188494e-04
   3.7450914e-04]]
self.u_target_traj:[[0. 0. 0. 0.]
 [0. 0. 0. 0.]
 [0. 0. 0. 0.]
 [0. 0. 0. 0.]
 [0. 0. 0. 0.]
 [0. 0. 0. 0.]
 [0. 0. 0. 0.]
 [0. 0. 0. 0.]
 [0. 0. 0. 0.]
 [0. 0. 0. 0.]]
x0:[ 1.92495954e+00 -2.06666732e+00 -2.27657901e-01  1.08150554e+00
 -1.13694632e+00  7.58536160e-02 -1.45826451e-02  2.04769801e-02
  6.83410943e-01  7.29600906e-01 -2.11189094e-04 -1.26561499e-05
  2.20459304e-04]
self.motor_rpms:[0. 0. 0. 0.]
self.x_target_traj:[[ 1.86912680e+00 -2.00791931e+00 -5.00000000e+00  1.06463575e+00
  -1.12134945e+00  7.41026774e-02 -1.46084325e-02  2.05146912e-02
   6.83254838e-01  7.29745626e-01 -1.52869965e-04  1.08889595e-04
   2.47773132e-04]
 [ 1.87339056e+00 -2.01240945e+00 -5.00000000e+00  1.06592619e+00
  -1.12255633e+00  7.42297620e-02 -1.46086868e-02  2.05145329e-02
   6.83261216e-01  7.29739666e-01 -5.35931904e-05  1.32922432e-05
   3.30632203e-04]
 [ 1.87339056e+00 -2.01240945e+00 -5.00000000e+00  1.06592619e+00
  -1.12255633e+00  7.42297620e-02 -1.46086868e-02  2.05145329e-02
   6.83261216e-01  7.29739666e-01 -5.35931904e-05  1.32922432e-05
   3.30632203e-04]
 [ 1.87765944e+00 -2.01690435e+00 -5.00000000e+00  1.06721449e+00
  -1.12375414e+00  7.43618384e-02 -1.46101462e-02  2.05138698e-02
   6.83271468e-01  7.29730010e-01 -2.55902414e-04  1.33065914e-04
   3.21522471e-04]
 [ 1.88193345e+00 -2.02140427e+00 -5.00000000e+00  1.06980431e+00
  -1.12616682e+00  7.46419728e-02 -1.46111744e-02  2.05126554e-02
   6.83292091e-01  7.29710758e-01 -1.63484656e-04  8.64575850e-06
   3.05323745e-04]
 [ 1.89049709e+00 -2.03041840e+00 -5.00000000e+00  1.07110322e+00
  -1.12736917e+00  7.47708753e-02 -1.46090100e-02  2.05090251e-02
   6.83308303e-01  7.29695678e-01 -3.13828525e-04  2.30223523e-05
   1.91909261e-04]
 [ 1.89478672e+00 -2.03493261e+00 -5.00000000e+00  1.07239854e+00
  -1.12857807e+00  7.48950019e-02 -1.46063101e-02  2.05062032e-02
   6.83319271e-01  7.29685605e-01 -2.60419736e-04 -4.94174310e-05
   1.37869036e-04]
 [ 1.89908147e+00 -2.03945184e+00 -5.00000000e+00  1.07500732e+00
  -1.13098383e+00  7.51502663e-02 -1.45993065e-02  2.04978120e-02
   6.83346152e-01  7.29660749e-01 -2.93536752e-04 -7.65669392e-06
   1.42094446e-04]
 [ 1.90338147e+00 -2.04397583e+00 -5.00000000e+00  1.07630551e+00
  -1.13217509e+00  7.52953067e-02 -1.45965610e-02  2.04925872e-02
   6.83362007e-01  7.29646087e-01 -4.39578725e-04  5.98747865e-05
   1.59847434e-04]
 [ 1.91631269e+00 -2.05757642e+00 -5.00000000e+00  1.07889926e+00
  -1.13455904e+00  7.55849332e-02 -1.45887490e-02  2.04851218e-02
   6.83386803e-01  7.29623199e-01 -1.98072288e-04 -8.42188601e-05
   1.72187574e-05]
 [ 1.91631269e+00 -2.05757642e+00 -5.00000000e+00  1.07889926e+00
  -1.13455904e+00  7.55849332e-02 -1.45887490e-02  2.04851218e-02
   6.83386803e-01  7.29623199e-01 -1.98072288e-04 -8.42188601e-05
   1.72187574e-05]]
self.u_target_traj:[[0. 0. 0. 0.]
 [0. 0. 0. 0.]
 [0. 0. 0. 0.]
 [0. 0. 0. 0.]
 [0. 0. 0. 0.]
 [0. 0. 0. 0.]
 [0. 0. 0. 0.]
 [0. 0. 0. 0.]
 [0. 0. 0. 0.]
 [0. 0. 0. 0.]]
x0:[ 1.99488413e+00 -2.14007545e+00 -2.26356984e-01  1.10236061e+00
 -1.15583789e+00  7.81298876e-02 -1.45180672e-02  2.04104614e-02
  6.83545291e-01  7.29478300e-01 -2.31481681e-04 -1.50990090e-05
  1.16652576e-04]
self.motor_rpms:[0. 0. 0. 0.]
self.x_target_traj:[[ 1.9423156e+00 -2.0849061e+00 -5.0000000e+00  1.0867189e+00
  -1.1416885e+00  7.6440595e-02 -1.4570004e-02  2.0459831e-02
   6.8345749e-01  7.2955811e-01 -2.5400828e-04 -2.8346141e-05
   1.9370858e-04]
 [ 1.9466677e+00 -2.0894775e+00 -5.0000000e+00  1.0880246e+00
  -1.1428732e+00  7.6583117e-02 -1.4566134e-02  2.0456249e-02
   6.8346733e-01  7.2954899e-01 -1.1534034e-04 -2.9591436e-05
   3.2913929e-04]
 [ 1.9466677e+00 -2.0894775e+00 -5.0000000e+00  1.0880246e+00
  -1.1428732e+00  7.6583117e-02 -1.4566134e-02  2.0456249e-02
   6.8346733e-01  7.2954899e-01 -1.1534034e-04 -2.9591436e-05
   3.2913929e-04]
 [ 1.9510249e+00 -2.0940537e+00 -5.0000000e+00  1.0893155e+00
  -1.1440507e+00  7.6723121e-02 -1.4555220e-02  2.0447420e-02
   6.8349022e-01  7.2952807e-01 -2.7427642e-04 -3.4577827e-04
   2.9146916e-04]
 [ 1.9553874e+00 -2.0986347e+00 -5.0000000e+00  1.0919176e+00
  -1.1464121e+00  7.7008896e-02 -1.4549882e-02  2.0441614e-02
   6.8350327e-01  7.2951609e-01 -3.8518949e-04  1.1799700e-04
   2.4990400e-04]
 [ 1.9641279e+00 -2.1078107e+00 -5.0000000e+00  1.0932101e+00
  -1.1475868e+00  7.7152163e-02 -1.4547030e-02  2.0438580e-02
   6.8351144e-01  7.2950864e-01 -3.3348345e-04  1.8305442e-04
   1.4198618e-04]
 [ 1.9685060e+00 -2.1124058e+00 -5.0000000e+00  1.0945150e+00
  -1.1487697e+00  7.7292278e-02 -1.4542445e-02  2.0433258e-02
   6.8352336e-01  7.2949767e-01 -3.2511103e-04 -3.7796854e-05
   2.7478777e-04]
 [ 1.9728893e+00 -2.1170056e+00 -5.0000000e+00  1.0958209e+00
  -1.1499565e+00  7.7439450e-02 -1.4539895e-02  2.0429637e-02
   6.8352890e-01  7.2949272e-01 -3.9627351e-04  2.9426010e-05
   2.1166098e-04]
 [ 1.9816716e+00 -2.1262195e+00 -5.0000000e+00  1.0984350e+00
  -1.1523149e+00  7.7714130e-02 -1.4530471e-02  2.0422135e-02
   6.8353593e-01  7.2948647e-01 -1.2860115e-04 -1.7202226e-04
   2.0329130e-04]
 [ 1.9860705e+00 -2.1308334e+00 -5.0000000e+00  1.1010501e+00
  -1.1546737e+00  7.7986419e-02 -1.4522823e-02  2.0414298e-02
   6.8354303e-01  7.2948021e-01 -2.5845430e-04  1.3137743e-04
   4.1857094e-04]
 [ 1.9860705e+00 -2.1308334e+00 -5.0000000e+00  1.1010501e+00
  -1.1546737e+00  7.7986419e-02 -1.4522823e-02  2.0414298e-02
   6.8354303e-01  7.2948021e-01 -2.5845430e-04  1.3137743e-04
   4.1857094e-04]]
self.u_target_traj:[[0. 0. 0. 0.]
 [0. 0. 0. 0.]
 [0. 0. 0. 0.]
 [0. 0. 0. 0.]
 [0. 0. 0. 0.]
 [0. 0. 0. 0.]
 [0. 0. 0. 0.]
 [0. 0. 0. 0.]
 [0. 0. 0. 0.]
 [0. 0. 0. 0.]]
x0:[ 2.07064009e+00 -2.21938825e+00 -2.27007442e-01  1.12445951e+00
 -1.17572129e+00  8.06586519e-02 -1.44684305e-02  2.03530081e-02
  6.83499813e-01  7.29523480e-01 -3.61833430e-04 -1.99702918e-05
  3.06317699e-04]
self.motor_rpms:[0. 0. 0. 0.]
self.x_target_traj:[[ 2.01700950e+00 -2.16326237e+00 -5.00000000e+00  1.11016166e+00
  -1.16286564e+00  7.90304989e-02 -1.44963190e-02  2.03869920e-02
   6.83547258e-01  7.29477525e-01 -1.95607601e-04 -1.35446026e-04
   3.19028157e-04]
 [ 2.02145004e+00 -2.16791391e+00 -5.00000000e+00  1.11146343e+00
  -1.16403329e+00  7.91739449e-02 -1.44937122e-02  2.03834679e-02
   6.83545947e-01  7.29478955e-01 -3.67121538e-04 -1.59331539e-04
   2.19416223e-04]
 [ 2.03034687e+00 -2.17723083e+00 -5.00000000e+00  1.11276734e+00
  -1.16519630e+00  7.93185085e-02 -1.44896992e-02  2.03786213e-02
   6.83543146e-01  7.29481757e-01 -2.09678605e-04 -1.01738668e-04
   1.37623283e-04]
 [ 2.03480315e+00 -2.18189621e+00 -5.00000000e+00  1.11536956e+00
  -1.16753471e+00  7.96102658e-02 -1.44837182e-02  2.03711707e-02
   6.83534920e-01  7.29489803e-01 -1.17011485e-04 -9.35485004e-05
   3.83227947e-04]
 [ 2.04373145e+00 -2.19124126e+00 -5.00000000e+00  1.11666512e+00
  -1.16870391e+00  7.97609612e-02 -1.44811822e-02  2.03685258e-02
   6.83531046e-01  7.29493558e-01 -1.91916071e-04 -1.30991975e-04
   4.72487533e-04]
 [ 2.04820323e+00 -2.19592071e+00 -5.00000000e+00  1.11795926e+00
  -1.16986489e+00  7.99121037e-02 -1.44781005e-02  2.03646999e-02
   6.83524668e-01  7.29499698e-01 -2.44036259e-04 -9.06351488e-07
   2.63323425e-04]
 [ 2.04820323e+00 -2.19592071e+00 -5.00000000e+00  1.11795926e+00
  -1.16986489e+00  7.99121037e-02 -1.44781005e-02  2.03646999e-02
   6.83524668e-01  7.29499698e-01 -2.44036259e-04 -9.06351488e-07
   2.63323425e-04]
 [ 2.05268025e+00 -2.20060492e+00 -5.00000000e+00  1.11924613e+00
  -1.17103028e+00  8.00600052e-02 -1.44765722e-02  2.03626864e-02
   6.83520257e-01  7.29503930e-01 -3.40143160e-04  4.99927555e-05
   4.14349721e-04]
 [ 2.05716252e+00 -2.20529366e+00 -5.00000000e+00  1.12055254e+00
  -1.17219913e+00  8.02098215e-02 -1.44745037e-02  2.03595329e-02
   6.83514535e-01  7.29509413e-01 -2.29290337e-04 -1.15744187e-05
   2.86748749e-04]
 [ 2.06164980e+00 -2.20998716e+00 -5.00000000e+00  1.12315083e+00
  -1.17454314e+00  8.05139244e-02 -1.44699123e-02  2.03550365e-02
   6.83504105e-01  7.29519367e-01 -2.19935901e-04 -1.27467210e-05
   3.17905680e-04]
 [ 2.06164980e+00 -2.20998716e+00 -5.00000000e+00  1.12315083e+00
  -1.17454314e+00  8.05139244e-02 -1.44699123e-02  2.03550365e-02
   6.83504105e-01  7.29519367e-01 -2.19935901e-04 -1.27467210e-05
   3.17905680e-04]]
self.u_target_traj:[[0. 0. 0. 0.]
 [0. 0. 0. 0.]
 [0. 0. 0. 0.]
 [0. 0. 0. 0.]
 [0. 0. 0. 0.]
 [0. 0. 0. 0.]
 [0. 0. 0. 0.]
 [0. 0. 0. 0.]
 [0. 0. 0. 0.]
 [0. 0. 0. 0.]]
x0:[ 2.12958527e+00 -2.28094864e+00 -2.27007442e-01  1.14134943e+00
 -1.19082296e+00  8.27642977e-02 -1.44362943e-02  2.03288831e-02
  6.83446825e-01  7.29574442e-01 -4.46617312e-04 -3.04319547e-05
  3.52850300e-04]
self.motor_rpms:[0. 0. 0. 0.]
self.x_target_traj:[[ 2.08868361e+00 -2.23824620e+00 -5.00000000e+00  1.13095021e+00
  -1.18154013e+00  8.14487636e-02 -1.44621087e-02  2.03417223e-02
   6.83476448e-01  7.29545772e-01 -3.94127041e-04  8.14935775e-05
   1.69258914e-04]
 [ 2.09773636e+00 -2.24770308e+00 -5.00000000e+00  1.13224626e+00
  -1.18269300e+00  8.16049203e-02 -1.44614372e-02  2.03395821e-02
   6.83470905e-01  7.29551077e-01 -3.63799569e-04  3.81024438e-05
   3.72480950e-04]
 [ 2.10227060e+00 -2.25243855e+00 -5.00000000e+00  1.13354599e+00
  -1.18384218e+00  8.17759782e-02 -1.44602489e-02  2.03383192e-02
   6.83464050e-01  7.29557574e-01 -8.50473880e-05  1.20396551e-04
   1.76953501e-04]
 [ 2.10227060e+00 -2.25243855e+00 -5.00000000e+00  1.13354599e+00
  -1.18384218e+00  8.17759782e-02 -1.44602489e-02  2.03383192e-02
   6.83464050e-01  7.29557574e-01 -8.50473880e-05  1.20396551e-04
   1.76953501e-04]
 [ 2.10681009e+00 -2.25717854e+00 -5.00000000e+00  1.13484943e+00
  -1.18500066e+00  8.19405466e-02 -1.44596193e-02  2.03380194e-02
   6.83459163e-01  7.29562104e-01 -1.59959367e-04  9.32341791e-05
   2.44925148e-04]
 [ 2.11135483e+00 -2.26192331e+00 -5.00000000e+00  1.13615501e+00
  -1.18616891e+00  8.21035132e-02 -1.44496346e-02  2.03334652e-02
   6.83453143e-01  7.29568124e-01 -3.29368806e-04 -4.57851565e-05
   3.60471546e-04]
 [ 2.11590457e+00 -2.26667261e+00 -5.00000000e+00  1.13745558e+00
  -1.18732715e+00  8.22641626e-02 -1.44460015e-02  2.03320514e-02
   6.83451056e-01  7.29570210e-01 -1.27366162e-04 -3.67372413e-05
   3.54122953e-04]
 [ 2.12045956e+00 -2.27142668e+00 -5.00000000e+00  1.14005792e+00
  -1.18965709e+00  8.26046839e-02 -1.44397588e-02  2.03301106e-02
   6.83448136e-01  7.29573071e-01 -8.17045220e-05 -6.23512897e-05
   4.31463704e-04]
 [ 2.12501979e+00 -2.27618527e+00 -5.00000000e+00  1.14005792e+00
  -1.18965709e+00  8.26046839e-02 -1.44397588e-02  2.03301106e-02
   6.83448136e-01  7.29573071e-01 -8.17045220e-05 -6.23512897e-05
   4.31463704e-04]
 [ 2.12501979e+00 -2.27618527e+00 -5.00000000e+00  1.14005792e+00
  -1.18965709e+00  8.26046839e-02 -1.44397588e-02  2.03301106e-02
   6.83448136e-01  7.29573071e-01 -8.17045220e-05 -6.23512897e-05
   4.31463704e-04]
 [ 2.12501979e+00 -2.27618527e+00 -5.00000000e+00  1.14005792e+00
  -1.18965709e+00  8.26046839e-02 -1.44397588e-02  2.03301106e-02
   6.83448136e-01  7.29573071e-01 -8.17045220e-05 -6.23512897e-05
   4.31463704e-04]]
self.u_target_traj:[[0. 0. 0. 0.]
 [0. 0. 0. 0.]
 [0. 0. 0. 0.]
 [0. 0. 0. 0.]
 [0. 0. 0. 0.]
 [0. 0. 0. 0.]
 [0. 0. 0. 0.]
 [0. 0. 0. 0.]
 [0. 0. 0. 0.]
 [0. 0. 0. 0.]]
x0:[ 2.20333648e+00 -2.35779214e+00 -2.27007442e-01  1.16205716e+00
 -1.20935357e+00  8.55762735e-02 -1.43496646e-02  2.02952567e-02
  6.83561921e-01  7.29469240e-01 -2.86445953e-04  1.54980866e-04
  2.38628010e-04]
self.motor_rpms:[0. 0. 0. 0.]
self.x_target_traj:[[ 2.16168857e+00 -2.31442189e+00 -5.00000000e+00  1.15041971e+00
  -1.19894993e+00  8.39620084e-02 -1.44088333e-02  2.03146897e-02
   6.83482289e-01  7.29542077e-01 -3.49552778e-04 -1.32055138e-05
   6.03422173e-04]
 [ 2.16629553e+00 -2.31922221e+00 -5.00000000e+00  1.15172553e+00
  -1.20009983e+00  8.41409266e-02 -1.44036496e-02  2.03131605e-02
   6.83491945e-01  7.29533195e-01 -2.30449252e-04  2.25878612e-04
   3.03514651e-04]
 [ 2.16629553e+00 -2.31922221e+00 -5.00000000e+00  1.15431464e+00
  -1.20240593e+00  8.45076665e-02 -1.43896844e-02  2.03090422e-02
   6.83511376e-01  7.29515433e-01 -2.14897620e-04  3.39692342e-05
   1.97241199e-04]
 [ 2.17552471e+00 -2.32883692e+00 -5.00000000e+00  1.15431464e+00
  -1.20240593e+00  8.45076665e-02 -1.43896844e-02  2.03090422e-02
   6.83511376e-01  7.29515433e-01 -2.14897620e-04  3.39692342e-05
   1.97241199e-04]
 [ 2.17552471e+00 -2.32883692e+00 -5.00000000e+00  1.15431464e+00
  -1.20240593e+00  8.45076665e-02 -1.43896844e-02  2.03090422e-02
   6.83511376e-01  7.29515433e-01 -2.14897620e-04  3.39692342e-05
   1.97241199e-04]
 [ 2.18014717e+00 -2.33365130e+00 -5.00000000e+00  1.15560234e+00
  -1.20356762e+00  8.46875459e-02 -1.43839847e-02  2.03074310e-02
   6.83519840e-01  7.29507685e-01 -3.23209562e-04  1.04397826e-04
   2.56165978e-04]
 [ 2.18014717e+00 -2.33365130e+00 -5.00000000e+00  1.15560234e+00
  -1.20356762e+00  8.46875459e-02 -1.43839847e-02  2.03074310e-02
   6.83519840e-01  7.29507685e-01 -3.23209562e-04  1.04397826e-04
   2.56165978e-04]
 [ 2.18477464e+00 -2.33847022e+00 -5.00000000e+00  1.15689528e+00
  -1.20472217e+00  8.48559439e-02 -1.43756345e-02  2.03045849e-02
   6.83532894e-01  7.29495645e-01 -3.08006711e-04 -2.63890834e-05
   3.59019381e-04]
 [ 2.18940735e+00 -2.34329367e+00 -5.00000000e+00  1.15817726e+00
  -1.20588505e+00  8.50399807e-02 -1.43705085e-02  2.03017872e-02
   6.83541477e-01  7.29487777e-01 -4.47436061e-04 -5.21567999e-05
   2.01570801e-04]
 [ 2.19404531e+00 -2.34812188e+00 -5.00000000e+00  1.15946794e+00
  -1.20703351e+00  8.52171108e-02 -1.43616917e-02  2.02988796e-02
   6.83554232e-01  7.29476154e-01 -2.84712238e-04 -4.55674599e-05
   1.98276830e-04]
 [ 2.19404531e+00 -2.34812188e+00 -5.00000000e+00  1.15946794e+00
  -1.20703351e+00  8.52171108e-02 -1.43616917e-02  2.02988796e-02
   6.83554232e-01  7.29476154e-01 -2.84712238e-04 -4.55674599e-05
   1.98276830e-04]]
self.u_target_traj:[[0. 0. 0. 0.]
 [0. 0. 0. 0.]
 [0. 0. 0. 0.]
 [0. 0. 0. 0.]
 [0. 0. 0. 0.]
 [0. 0. 0. 0.]
 [0. 0. 0. 0.]
 [0. 0. 0. 0.]
 [0. 0. 0. 0.]
 [0. 0. 0. 0.]]
x0:[ 2.31644487e+00 -2.47526503e+00 -2.25056068e-01  1.19312239e+00
 -1.23674917e+00  8.95237476e-02 -1.42159192e-02  2.02031713e-02
  6.83610797e-01  7.29428530e-01 -3.30626382e-04  8.65455950e-05
  2.46352982e-04]
self.motor_rpms:[0. 0. 0. 0.]
self.x_target_traj:[[ 2.25010252e+00 -2.40641952e+00 -5.00000000e+00  1.17625499e+00
  -1.22199786e+00  8.74313936e-02 -1.42671997e-02  2.02519465e-02
   6.83602035e-01  7.29434431e-01 -3.27020127e-04 -9.68429958e-06
   4.03888407e-04]
 [ 2.25480747e+00 -2.41130757e+00 -5.00000000e+00  1.17754889e+00
  -1.22314715e+00  8.75995606e-02 -1.42582115e-02  2.02468149e-02
   6.83603525e-01  7.29433358e-01 -2.54300539e-05  8.54795217e-05
   2.05450924e-04]
 [ 2.26423311e+00 -2.42109728e+00 -5.00000000e+00  1.17885590e+00
  -1.22428811e+00  8.77605081e-02 -1.42529029e-02  2.02432945e-02
   6.83604956e-01  7.29432225e-01 -3.71797883e-04 -2.57141073e-05
   5.08585363e-04]
 [ 2.26895380e+00 -2.42599893e+00 -5.00000000e+00  1.18014741e+00
  -1.22542834e+00  8.79289582e-02 -1.42454561e-02  2.02376693e-02
   6.83605254e-01  7.29432225e-01 -3.41928506e-04  7.71551277e-05
   2.82378751e-04]
 [ 2.27367949e+00 -2.43090510e+00 -5.00000000e+00  1.18144429e+00
  -1.22656381e+00  8.80953819e-02 -1.42332818e-02  2.02281252e-02
   6.83605015e-01  7.29433000e-01 -1.73224544e-04 -9.41443141e-05
   1.93882617e-04]
 [ 2.27841043e+00 -2.43581581e+00 -5.00000000e+00  1.18403912e+00
  -1.22884166e+00  8.84225219e-02 -1.42291905e-02  2.02255398e-02
   6.83604717e-01  7.29433477e-01 -3.45023000e-05  2.61618407e-05
   4.74922708e-04]
 [ 2.28788805e+00 -2.44565129e+00 -5.00000000e+00  1.18532944e+00
  -1.22997212e+00  8.85774344e-02 -1.42261945e-02  2.02211011e-02
   6.83602571e-01  7.29435682e-01 -3.35187418e-04 -7.87467579e-05
   1.99061236e-04]
 [ 2.29263449e+00 -2.45057559e+00 -5.00000000e+00  1.18791413e+00
  -1.23223150e+00  8.89024809e-02 -1.42214522e-02  2.02139430e-02
   6.83603704e-01  7.29434788e-01 -8.75390251e-05  1.68481667e-04
   3.44717526e-04]
 [ 2.30214310e+00 -2.46043777e+00 -5.00000000e+00  1.18921351e+00
  -1.23335993e+00  8.90622288e-02 -1.42204026e-02  2.02115644e-02
   6.83605194e-01  7.29433537e-01 -2.96925486e-04  1.15143193e-04
   2.07174919e-04]
 [ 2.30690527e+00 -2.46537566e+00 -5.00000000e+00  1.19182277e+00
  -1.23561895e+00  8.93702507e-02 -1.42172854e-02  2.02059932e-02
   6.83609128e-01  7.29430020e-01 -1.96699868e-04 -5.51767880e-05
   3.36492667e-04]
 [ 2.30690527e+00 -2.46537566e+00 -5.00000000e+00  1.19182277e+00
  -1.23561895e+00  8.93702507e-02 -1.42172854e-02  2.02059932e-02
   6.83609128e-01  7.29430020e-01 -1.96699868e-04 -5.51767880e-05
   3.36492667e-04]]
self.u_target_traj:[[0. 0. 0. 0.]
 [0. 0. 0. 0.]
 [0. 0. 0. 0.]
 [0. 0. 0. 0.]
 [0. 0. 0. 0.]
 [0. 0. 0. 0.]
 [0. 0. 0. 0.]
 [0. 0. 0. 0.]
 [0. 0. 0. 0.]
 [0. 0. 0. 0.]]
x0:[ 2.41298842e+00 -2.57514739e+00 -2.27007442e-01  1.21922755e+00
 -1.25911129e+00  9.25414339e-02 -1.42623205e-02  2.01208834e-02
  6.83691025e-01  7.29354739e-01 -1.10338151e-04  9.04640183e-06
  1.89714483e-04]
self.motor_rpms:[0. 0. 0. 0.]
self.x_target_traj:[[ 2.3499980e+00 -2.5100203e+00 -5.0000000e+00  1.2022234e+00
  -1.2446177e+00  9.0549134e-02 -1.4218287e-02  2.0178460e-02
   6.8363458e-01  7.2940695e-01 -8.2409766e-05  9.9012163e-05
   2.9128860e-04]
 [ 2.3548121e+00 -2.5150032e+00 -5.0000000e+00  1.2048312e+00
  -1.2468605e+00  9.0851329e-02 -1.4222896e-02  2.0169761e-02
   6.8364143e-01  7.2940069e-01 -2.3858179e-04 -1.1299737e-04
   1.9556517e-04]
 [ 2.3596315e+00 -2.5199907e+00 -5.0000000e+00  1.2061291e+00
  -1.2479845e+00  9.1002837e-02 -1.4225948e-02  2.0164259e-02
   6.8364608e-01  7.2939634e-01 -2.3830356e-04 -2.1260721e-04
   3.6994251e-04]
 [ 2.3692856e+00 -2.5299792e+00 -5.0000000e+00  1.2074398e+00
  -1.2491052e+00  9.1149829e-02 -1.4227833e-02  2.0160433e-02
   6.8365139e-01  7.2939157e-01 -1.0510348e-04 -2.4994434e-04
   2.4520978e-04]
 [ 2.3741205e+00 -2.5349801e+00 -5.0000000e+00  1.2113695e+00
  -1.2524439e+00  9.1607638e-02 -1.4234628e-02  2.0146444e-02
   6.8366861e-01  7.2937566e-01 -2.7279952e-04 -8.7934430e-05
   1.8228195e-04]
 [ 2.3838060e+00 -2.5449953e+00 -5.0000000e+00  1.2113695e+00
  -1.2524439e+00  9.1607638e-02 -1.4234628e-02  2.0146444e-02
   6.8366861e-01  7.2937566e-01 -2.7279952e-04 -8.7934430e-05
   1.8228195e-04]
 [ 2.3886566e+00 -2.5500095e+00 -5.0000000e+00  1.2126813e+00
  -1.2535590e+00  9.1775477e-02 -1.4239003e-02  2.0141311e-02
   6.8367606e-01  7.2936869e-01 -3.5006739e-04  2.2039749e-06
   2.5064568e-04]
 [ 2.3935125e+00 -2.5550282e+00 -5.0000000e+00  1.2139934e+00
  -1.2546709e+00  9.1930494e-02 -1.4243837e-02  2.0136151e-02
   6.8368405e-01  7.2936124e-01 -3.9689068e-04 -4.2618718e-05
   3.4725107e-04]
 [ 2.3983736e+00 -2.5600514e+00 -5.0000000e+00  1.2166104e+00
  -1.2568905e+00  9.2234828e-02 -1.4252542e-02  2.0127662e-02
   6.8369156e-01  7.2935426e-01 -1.3808563e-04 -2.1821103e-04
   2.3788400e-04]
 [ 2.4032400e+00 -2.5650790e+00 -5.0000000e+00  1.2179128e+00
  -1.2579988e+00  9.2397057e-02 -1.4256021e-02  2.0124886e-02
   6.8369138e-01  7.2935438e-01 -7.9478836e-05 -3.2619457e-05
   3.6371616e-04]
 [ 2.4032400e+00 -2.5650790e+00 -5.0000000e+00  1.2179128e+00
  -1.2579988e+00  9.2397057e-02 -1.4256021e-02  2.0124886e-02
   6.8369138e-01  7.2935438e-01 -7.9478836e-05 -3.2619457e-05
   3.6371616e-04]]
self.u_target_traj:[[0. 0. 0. 0.]
 [0. 0. 0. 0.]
 [0. 0. 0. 0.]
 [0. 0. 0. 0.]
 [0. 0. 0. 0.]
 [0. 0. 0. 0.]
 [0. 0. 0. 0.]
 [0. 0. 0. 0.]
 [0. 0. 0. 0.]
 [0. 0. 0. 0.]]
x0:[ 2.49669909e+00 -2.66145253e+00 -2.27007442e-01  1.24147546e+00
 -1.27823746e+00  9.50830579e-02 -1.43331783e-02  2.00651214e-02
  6.83692038e-01  7.29353905e-01 -1.59868156e-04 -1.89831888e-04
  1.91561645e-04]
self.motor_rpms:[0. 0. 0. 0.]
self.x_target_traj:[[ 2.4374523e+00 -2.6003964e+00 -5.0000000e+00  1.2258006e+00
  -1.2646811e+00  9.3300566e-02 -1.4288233e-02  2.0101832e-02
   6.8369091e-01  7.2935486e-01 -1.9553734e-04 -1.2340082e-04
   3.2335962e-04]
 [ 2.4423609e+00 -2.6054597e+00 -5.0000000e+00  1.2284187e+00
  -1.2669307e+00  9.3609333e-02 -1.4294484e-02  2.0097800e-02
   6.8369269e-01  7.2935319e-01 -3.3086556e-04  4.6783942e-05
   2.5386177e-04]
 [ 2.4472744e+00 -2.6105275e+00 -5.0000000e+00  1.2284187e+00
  -1.2669307e+00  9.3609333e-02 -1.4294484e-02  2.0097800e-02
   6.8369269e-01  7.2935319e-01 -3.3086556e-04  4.6783942e-05
   2.5386177e-04]
 [ 2.4521935e+00 -2.6155996e+00 -5.0000000e+00  1.2297417e+00
  -1.2680554e+00  9.3761384e-02 -1.4300392e-02  2.0093651e-02
   6.8369389e-01  7.2935212e-01 -3.1394011e-04 -1.7001521e-04
   1.8246705e-04]
 [ 2.4521935e+00 -2.6155996e+00 -5.0000000e+00  1.2297417e+00
  -1.2680554e+00  9.3761384e-02 -1.4300392e-02  2.0093651e-02
   6.8369389e-01  7.2935212e-01 -2.0797912e-04 -2.2756006e-04
   3.2137102e-04]
 [ 2.4571178e+00 -2.6206763e+00 -5.0000000e+00  1.2323550e+00
  -1.2702956e+00  9.4068728e-02 -1.4309171e-02  2.0086760e-02
   6.8369561e-01  7.2935051e-01 -2.4010148e-04 -3.8266531e-05
   3.2259594e-04]
 [ 2.4669816e+00 -2.6308432e+00 -5.0000000e+00  1.2336612e+00
  -1.2714335e+00  9.4216242e-02 -1.4313344e-02  2.0084968e-02
   6.8369645e-01  7.2934967e-01 -2.5585631e-04  1.6274047e-04
   4.0814909e-04]
 [ 2.4719214e+00 -2.6359334e+00 -5.0000000e+00  1.2362633e+00
  -1.2737107e+00  9.4508454e-02 -1.4320482e-02  2.0077802e-02
   6.8369603e-01  7.2935009e-01 -2.9335544e-04 -1.6674958e-04
   1.0793726e-04]
 [ 2.4818168e+00 -2.6461275e+00 -5.0000000e+00  1.2375717e+00
  -1.2748421e+00  9.4647288e-02 -1.4324920e-02  2.0073785e-02
   6.8369448e-01  7.2935158e-01 -2.8109562e-04 -1.4852453e-04
   1.9376818e-04]
 [ 2.4867723e+00 -2.6512313e+00 -5.0000000e+00  1.2401750e+00
  -1.2771025e+00  9.4937004e-02 -1.4330286e-02  2.0068720e-02
   6.8369317e-01  7.2935295e-01 -9.3181676e-05 -3.0251854e-04
   3.4663104e-04]
 [ 2.4867723e+00 -2.6512313e+00 -5.0000000e+00  1.2401750e+00
  -1.2771025e+00  9.4937004e-02 -1.4330286e-02  2.0068720e-02
   6.8369317e-01  7.2935295e-01 -9.3181676e-05 -3.0251854e-04
   3.4663104e-04]]
self.u_target_traj:[[0. 0. 0. 0.]
 [0. 0. 0. 0.]
 [0. 0. 0. 0.]
 [0. 0. 0. 0.]
 [0. 0. 0. 0.]
 [0. 0. 0. 0.]
 [0. 0. 0. 0.]
 [0. 0. 0. 0.]
 [0. 0. 0. 0.]
 [0. 0. 0. 0.]]
x0:[ 2.58698130e+00 -2.75426507e+00 -2.28308359e-01  1.26507580e+00
 -1.29882860e+00  9.77730453e-02 -1.43859880e-02  2.00723484e-02
  6.83624923e-01  7.29415655e-01 -1.20568962e-04 -1.35031762e-04
  3.52810835e-04]
self.motor_rpms:[0. 0. 0. 0.]
self.x_target_traj:[[ 2.52160716e+00 -2.68708491e+00 -5.00000000e+00  1.24802935e+00
  -1.28390658e+00  9.58401039e-02 -1.43483197e-02  2.00540051e-02
   6.83680832e-01  7.29364455e-01 -1.73380482e-04 -2.64785485e-05
   2.60358909e-04]
 [ 2.52660441e+00 -2.69222522e+00 -5.00000000e+00  1.24933314e+00
  -1.28504682e+00  9.59937423e-02 -1.43501321e-02  2.00521946e-02
   6.83678746e-01  7.29366422e-01 -1.80364295e-04 -1.36708142e-04
   2.46809097e-04]
 [ 2.52660441e+00 -2.69222522e+00 -5.00000000e+00  1.24933314e+00
  -1.28504682e+00  9.59937423e-02 -1.43501321e-02  2.00521946e-02
   6.83678746e-01  7.29366422e-01 -2.36000866e-04 -2.35675194e-04
   3.72668961e-04]
 [ 2.53160715e+00 -2.69737005e+00 -5.00000000e+00  1.25065553e+00
  -1.28618920e+00  9.61423367e-02 -1.43569866e-02  2.00542025e-02
   6.83671772e-01  7.29372799e-01 -2.95366568e-04 -1.77959970e-04
   3.17905797e-04]
 [ 2.53661489e+00 -2.70251942e+00 -5.00000000e+00  1.25327408e+00
  -1.28847754e+00  9.64348763e-02 -1.43610323e-02  2.00570021e-02
   6.83666825e-01  7.29377270e-01 -6.78272918e-05  7.72071071e-05
   1.99262635e-04]
 [ 2.55167007e+00 -2.71799493e+00 -5.00000000e+00  1.25590038e+00
  -1.29078615e+00  9.67370272e-02 -1.43666426e-02  2.00605467e-02
   6.83659673e-01  7.29383707e-01 -1.42397941e-04 -4.42571472e-05
   3.69924586e-04]
 [ 2.55669880e+00 -2.72316265e+00 -5.00000000e+00  1.25720263e+00
  -1.29193735e+00  9.68907699e-02 -1.43701360e-02  2.00629588e-02
   6.83654726e-01  7.29388237e-01 -1.32452929e-04 -1.44024030e-04
   4.05711820e-04]
 [ 2.56173277e+00 -2.72833490e+00 -5.00000000e+00  1.25850964e+00
  -1.29307783e+00  9.70399007e-02 -1.43730575e-02  2.00644583e-02
   6.83650970e-01  7.29391754e-01 -3.28022987e-04 -3.29167611e-04
   5.26674790e-04]
 [ 2.56677198e+00 -2.73351169e+00 -5.00000000e+00  1.26113832e+00
  -1.29535568e+00  9.73397493e-02 -1.43773723e-02  2.00667325e-02
   6.83644831e-01  7.29397297e-01 -2.26237113e-04 -1.80848641e-04
   3.65933171e-04]
 [ 2.57686615e+00 -2.74387908e+00 -5.00000000e+00  1.26244926e+00
  -1.29651833e+00  9.74852517e-02 -1.43807475e-02  2.00682264e-02
   6.83636963e-01  7.29404509e-01 -3.81019781e-04 -1.99545175e-04
   3.72587005e-04]
 [ 2.57686615e+00 -2.74387908e+00 -5.00000000e+00  1.26244926e+00
  -1.29651833e+00  9.74852517e-02 -1.43807475e-02  2.00682264e-02
   6.83636963e-01  7.29404509e-01 -3.81019781e-04 -1.99545175e-04
   3.72587005e-04]]
self.u_target_traj:[[0. 0. 0. 0.]
 [0. 0. 0. 0.]
 [0. 0. 0. 0.]
 [0. 0. 0. 0.]
 [0. 0. 0. 0.]
 [0. 0. 0. 0.]
 [0. 0. 0. 0.]
 [0. 0. 0. 0.]
 [0. 0. 0. 0.]
 [0. 0. 0. 0.]]
x0:[ 2.67895842e+00 -2.84857607e+00 -2.27657901e-01  1.28851080e+00
 -1.31987226e+00  1.00489557e-01 -1.44680757e-02  2.01539155e-02
  6.83511078e-01  7.29518414e-01 -3.40614177e-04 -2.14994710e-04
  3.27375019e-04]
self.motor_rpms:[0. 0. 0. 0.]
self.x_target_traj:[[ 2.60219336e+00 -2.76987863e+00 -5.00000000e+00  1.27029467e+00
  -1.30344415e+00  9.83706340e-02 -1.44081572e-02  2.00913381e-02
   6.83592677e-01  7.29444921e-01 -3.26154637e-04 -1.88976235e-04
   2.26417789e-04]
 [ 2.60727453e+00 -2.77509236e+00 -5.00000000e+00  1.27159607e+00
  -1.30460048e+00  9.85194147e-02 -1.44144176e-02  2.00963933e-02
   6.83585584e-01  7.29451239e-01 -2.92020733e-04 -1.09620858e-04
   2.31647165e-04]
 [ 2.61745262e+00 -2.78553391e+00 -5.00000000e+00  1.27290654e+00
  -1.30576801e+00  9.86717641e-02 -1.44186066e-02  2.01004967e-02
   6.83580577e-01  7.29455769e-01 -1.68141967e-04 -4.63996548e-05
   1.63840130e-04]
 [ 2.62254953e+00 -2.79076171e+00 -5.00000000e+00  1.27550375e+00
  -1.30809093e+00  9.89835411e-02 -1.44273425e-02  2.01084968e-02
   6.83570743e-01  7.29464591e-01 -3.25108354e-04 -2.08132435e-04
   7.40899704e-05]
 [ 2.63787103e+00 -2.80647278e+00 -5.00000000e+00  1.27812064e+00
  -1.31042492e+00  9.92911607e-02 -1.44369099e-02  2.01164242e-02
   6.83560073e-01  7.29474127e-01 -2.38341803e-04 -2.49992649e-04
   1.91027066e-04]
 [ 2.64298868e+00 -2.81171918e+00 -5.00000000e+00  1.27943313e+00
  -1.31160080e+00  9.94492993e-02 -1.44419875e-02  2.01207567e-02
   6.83554292e-01  7.29479432e-01 -3.05570662e-04 -3.40115832e-04
   3.27649992e-04]
 [ 2.64298868e+00 -2.81171918e+00 -5.00000000e+00  1.27943313e+00
  -1.31160080e+00  9.94492993e-02 -1.44419875e-02  2.01207567e-02
   6.83554292e-01  7.29479432e-01 -3.58829682e-04 -2.87938019e-04
   4.29757638e-04]
 [ 2.65323973e+00 -2.82222605e+00 -5.00000000e+00  1.28203678e+00
  -1.31394374e+00  9.97428596e-02 -1.44509366e-02  2.01287381e-02
   6.83540523e-01  7.29491830e-01 -2.37488071e-04 -2.07311765e-04
   2.91276956e-04]
 [ 2.65837312e+00 -2.82748652e+00 -5.00000000e+00  1.28592312e+00
  -1.31749761e+00  1.00197881e-01 -1.44606438e-02  2.01440379e-02
   6.83522403e-01  7.29508221e-01 -1.22209312e-04 -2.42843991e-04
   2.61220848e-04]
 [ 2.67380428e+00 -2.84329653e+00 -5.00000000e+00  1.28721166e+00
  -1.31868708e+00  1.00344978e-01 -1.44648962e-02  2.01500580e-02
   6.83515489e-01  7.29514480e-01 -2.91802222e-04 -2.78486928e-04
   4.30920394e-04]
 [ 2.67380428e+00 -2.84329653e+00 -5.00000000e+00  1.28721166e+00
  -1.31868708e+00  1.00344978e-01 -1.44648962e-02  2.01500580e-02
   6.83515489e-01  7.29514480e-01 -2.91802222e-04 -2.78486928e-04
   4.30920394e-04]]
self.u_target_traj:[[0. 0. 0. 0.]
 [0. 0. 0. 0.]
 [0. 0. 0. 0.]
 [0. 0. 0. 0.]
 [0. 0. 0. 0.]
 [0. 0. 0. 0.]
 [0. 0. 0. 0.]
 [0. 0. 0. 0.]
 [0. 0. 0. 0.]
 [0. 0. 0. 0.]]
x0:[ 2.75165868e+00 -2.92298412e+00 -2.26356984e-01  1.30663574e+00
 -1.33636153e+00  1.02449961e-01 -1.45174889e-02  2.02102102e-02
  6.83454752e-01  7.29568660e-01 -1.19758653e-04 -2.28782883e-04
  2.21382827e-04]
self.motor_rpms:[0. 0. 0. 0.]
self.x_target_traj:[[ 2.69445157e+00 -2.86444283e+00 -5.00000000e+00  1.29239261e+00
  -1.32341945e+00  1.00929812e-01 -1.44802798e-02  2.01736819e-02
   6.83494329e-01  7.29533374e-01  2.96417857e-05 -2.49394390e-04
   4.41969140e-04]
 [ 2.69962621e+00 -2.86974120e+00 -5.00000000e+00  1.29497993e+00
  -1.32577479e+00  1.01225026e-01 -1.44842975e-02  2.01790649e-02
   6.83489680e-01  7.29537427e-01 -3.70200491e-04 -5.84555091e-05
   2.38629524e-04]
 [ 2.70480609e+00 -2.87504435e+00 -5.00000000e+00  1.29497993e+00
  -1.32577479e+00  1.01225026e-01 -1.44842975e-02  2.01790649e-02
   6.83489680e-01  7.29537427e-01 -3.70200491e-04 -5.84555091e-05
   2.38629524e-04]
 [ 2.71518159e+00 -2.88566494e+00 -5.00000000e+00  1.29757774e+00
  -1.32814443e+00  1.01527482e-01 -1.44898621e-02  2.01860182e-02
   6.83483839e-01  7.29542673e-01 -1.72030181e-04 -1.26165221e-04
   3.54323303e-04]
 [ 2.71518159e+00 -2.88566494e+00 -5.00000000e+00  1.29886925e+00
  -1.32931077e+00  1.01671234e-01 -1.44951753e-02  2.01913714e-02
   6.83477879e-01  7.29547918e-01 -1.48035178e-04 -2.19743233e-05
   3.79812205e-04]
 [ 2.72037697e+00 -2.89098215e+00 -5.00000000e+00  1.29886925e+00
  -1.32931077e+00  1.01671234e-01 -1.44951753e-02  2.01913714e-02
   6.83477879e-01  7.29547918e-01 -1.48035178e-04 -2.19743233e-05
   3.79812205e-04]
 [ 2.72557759e+00 -2.89630413e+00 -5.00000000e+00  1.30017042e+00
  -1.33048236e+00  1.01817697e-01 -1.45005565e-02  2.01951824e-02
   6.83472037e-01  7.29553223e-01 -4.96174791e-04 -2.23697978e-04
   3.19945393e-04]
 [ 2.73078346e+00 -2.90163064e+00 -5.00000000e+00  1.30146015e+00
  -1.33164823e+00  1.01949543e-01 -1.45038459e-02  2.01980341e-02
   6.83468282e-01  7.29556680e-01 -2.10404629e-04 -1.43837882e-04
   2.48546712e-04]
 [ 2.73599458e+00 -2.90696192e+00 -5.00000000e+00  1.30275810e+00
  -1.33283162e+00  1.02078281e-01 -1.45081254e-02  2.02019736e-02
   6.83463097e-01  7.29561269e-01 -2.68563395e-04 -3.01545777e-04
   4.31889901e-04]
 [ 2.74121070e+00 -2.91229796e+00 -5.00000000e+00  1.30534053e+00
  -1.33517718e+00  1.02328323e-01 -1.45152062e-02  2.02077311e-02
   6.83455765e-01  7.29567766e-01 -1.22368510e-04 -1.29570253e-05
   2.46046809e-04]
 [ 2.74121070e+00 -2.91229796e+00 -5.00000000e+00  1.30534053e+00
  -1.33517718e+00  1.02328323e-01 -1.45152062e-02  2.02077311e-02
   6.83455765e-01  7.29567766e-01 -1.22368510e-04 -1.29570253e-05
   2.46046809e-04]]
self.u_target_traj:[[0. 0. 0. 0.]
 [0. 0. 0. 0.]
 [0. 0. 0. 0.]
 [0. 0. 0. 0.]
 [0. 0. 0. 0.]
 [0. 0. 0. 0.]
 [0. 0. 0. 0.]
 [0. 0. 0. 0.]
 [0. 0. 0. 0.]
 [0. 0. 0. 0.]]
x0:[ 2.84661937e+00 -3.02000356e+00 -2.27007442e-01  1.32992160e+00
 -1.35744023e+00  1.04920559e-01 -1.45961726e-02  2.02368349e-02
  6.83410645e-01  7.29607701e-01 -3.56011267e-04 -1.32417248e-04
  2.93006306e-04]
self.motor_rpms:[0. 0. 0. 0.]
self.x_target_traj:[[ 2.78312588e+00 -2.95515537e+00 -5.00000000e+00  1.31434965e+00
  -1.34340060e+00  1.03244014e-01 -1.45363864e-02  2.02204119e-02
   6.83452129e-01  7.29570448e-01 -6.92376634e-05 -3.08062852e-04
   3.12797958e-04]
 [ 2.78838849e+00 -2.96053362e+00 -5.00000000e+00  1.31692898e+00
  -1.34574151e+00  1.03516206e-01 -1.45463543e-02  2.02252287e-02
   6.83443666e-01  7.29578018e-01 -1.92482083e-04 -1.18579948e-04
   1.76370842e-04]
 [ 2.79365611e+00 -2.96591663e+00 -5.00000000e+00  1.31692898e+00
  -1.34574151e+00  1.03516206e-01 -1.45463543e-02  2.02252287e-02
   6.83443666e-01  7.29578018e-01 -1.92482083e-04 -1.18579948e-04
   1.76370842e-04]
 [ 2.79892898e+00 -2.97130418e+00 -5.00000000e+00  1.31822932e+00
  -1.34690571e+00  1.03653066e-01 -1.45534873e-02  2.02279016e-02
   6.83437347e-01  7.29583740e-01 -3.08665156e-04 -1.09809916e-04
   2.56098108e-04]
 [ 2.80949044e+00 -2.98209357e+00 -5.00000000e+00  1.32082975e+00
  -1.34924781e+00  1.03926904e-01 -1.45637384e-02  2.02317722e-02
   6.83429062e-01  7.29591191e-01 -1.68140745e-04 -3.17835365e-04
   3.29505652e-04]
 [ 2.80949044e+00 -2.98209357e+00 -5.00000000e+00  1.32213771e+00
  -1.35042202e+00  1.04068026e-01 -1.45675708e-02  2.02324223e-02
   6.83425844e-01  7.29594171e-01 -2.79556785e-04 -2.31373589e-04
   3.04201851e-04]
 [ 2.81477904e+00 -2.98749518e+00 -5.00000000e+00  1.32343340e+00
  -1.35159564e+00  1.04218513e-01 -1.45737790e-02  2.02338938e-02
   6.83421850e-01  7.29597688e-01 -2.64226983e-04 -1.99488306e-04
   6.04513916e-04]
 [ 2.82537174e+00 -2.99831271e+00 -5.00000000e+00  1.32472956e+00
  -1.35275948e+00  1.04366533e-01 -1.45778116e-02  2.02345718e-02
   6.83420181e-01  7.29599237e-01 -4.27634048e-04 -1.37499243e-04
   5.32280072e-04]
 [ 2.83067584e+00 -3.00372839e+00 -5.00000000e+00  1.32601857e+00
  -1.35392880e+00  1.04506887e-01 -1.45824077e-02  2.02348493e-02
   6.83418453e-01  7.29600668e-01 -2.73980550e-04 -2.56333762e-04
   3.34531651e-04]
 [ 2.83598518e+00 -3.00914884e+00 -5.00000000e+00  1.32732260e+00
  -1.35509813e+00  1.04646184e-01 -1.45881390e-02  2.02350393e-02
   6.83415890e-01  7.29602993e-01 -2.73980550e-04 -2.56333762e-04
   3.34531651e-04]
 [ 2.83598518e+00 -3.00914884e+00 -5.00000000e+00  1.32732260e+00
  -1.35509813e+00  1.04646184e-01 -1.45881390e-02  2.02350393e-02
   6.83415890e-01  7.29602993e-01 -2.73980550e-04 -2.56333762e-04
   3.34531651e-04]]
self.u_target_traj:[[0. 0. 0. 0.]
 [0. 0. 0. 0.]
 [0. 0. 0. 0.]
 [0. 0. 0. 0.]
 [0. 0. 0. 0.]
 [0. 0. 0. 0.]
 [0. 0. 0. 0.]
 [0. 0. 0. 0.]
 [0. 0. 0. 0.]
 [0. 0. 0. 0.]]
x0:[ 2.94325876e+00 -3.11853814e+00 -2.27007442e-01  1.35322785e+00
 -1.37844801e+00  1.07432038e-01 -1.46322632e-02  2.01316867e-02
  6.83391571e-01  7.29627728e-01 -3.17688507e-04 -7.56771769e-05
  4.42946446e-04]
self.motor_rpms:[0. 0. 0. 0.]
self.x_target_traj:[[ 2.87329531e+00 -3.04722285e+00 -5.00000000e+00  1.33637285e+00
  -1.36327004e+00  1.05630167e-01 -1.46107199e-02  2.02117339e-02
   6.83397293e-01  7.29620576e-01 -3.60318285e-04 -1.16348499e-04
   2.76596635e-04]
 [ 2.87864590e+00 -3.05268049e+00 -5.00000000e+00  1.33766294e+00
  -1.36443257e+00  1.05778754e-01 -1.46138584e-02  2.02076007e-02
   6.83394194e-01  7.29623497e-01 -3.72357201e-04 -1.25696417e-04
   1.79141411e-04]
 [ 2.87864590e+00 -3.05268049e+00 -5.00000000e+00  1.33766294e+00
  -1.36443257e+00  1.05778754e-01 -1.46138584e-02  2.02076007e-02
   6.83394194e-01  7.29623497e-01 -3.77901655e-04 -2.79598986e-04
   2.22422532e-04]
 [ 2.88400173e+00 -3.05814290e+00 -5.00000000e+00  1.34026051e+00
  -1.36676562e+00  1.06062852e-01 -1.46188727e-02  2.01954413e-02
   6.83387578e-01  7.29629934e-01 -3.72560986e-04 -9.49914102e-05
   3.28188646e-04]
 [ 2.88936281e+00 -3.06361008e+00 -5.00000000e+00  1.34156108e+00
  -1.36793768e+00  1.06205277e-01 -1.46211237e-02  2.01909523e-02
   6.83385968e-01  7.29631543e-01 -2.42698414e-04 -8.07825709e-05
   3.25468485e-04]
 [ 2.89472914e+00 -3.06908178e+00 -5.00000000e+00  1.34286046e+00
  -1.36911762e+00  1.06346063e-01 -1.46234659e-02  2.01847684e-02
   6.83384717e-01  7.29632854e-01 -6.49931026e-05 -1.17477495e-04
   4.52830573e-04]
 [ 2.91085887e+00 -3.08552527e+00 -5.00000000e+00  1.34676337e+00
  -1.37261915e+00  1.06761612e-01 -1.46294683e-02  2.01641191e-02
   6.83385611e-01  7.29632437e-01 -3.57739220e-04 -2.45574192e-04
   3.54355085e-04]
 [ 2.91624594e+00 -3.09101582e+00 -5.00000000e+00  1.34676337e+00
  -1.37261915e+00  1.06761612e-01 -1.46294683e-02  2.01641191e-02
   6.83385611e-01  7.29632437e-01 -3.57739220e-04 -2.45574192e-04
   3.54355085e-04]
 [ 2.92703557e+00 -3.10201073e+00 -5.00000000e+00  1.34935594e+00
  -1.37494349e+00  1.07028410e-01 -1.46299079e-02  2.01503877e-02
   6.83387518e-01  7.29631066e-01 -3.20797379e-04 -8.19726847e-05
   1.16080395e-04]
 [ 2.93243814e+00 -3.10751510e+00 -5.00000000e+00  1.35193837e+00
  -1.37728155e+00  1.07301004e-01 -1.46312406e-02  2.01365408e-02
   6.83389664e-01  7.29629397e-01 -3.30326322e-04 -2.42840964e-04
   4.99054673e-04]
 [ 2.93243814e+00 -3.10751510e+00 -5.00000000e+00  1.35193837e+00
  -1.37728155e+00  1.07301004e-01 -1.46312406e-02  2.01365408e-02
   6.83389664e-01  7.29629397e-01 -3.30326322e-04 -2.42840964e-04
   4.99054673e-04]]
self.u_target_traj:[[0. 0. 0. 0.]
 [0. 0. 0. 0.]
 [0. 0. 0. 0.]
 [0. 0. 0. 0.]
 [0. 0. 0. 0.]
 [0. 0. 0. 0.]
 [0. 0. 0. 0.]
 [0. 0. 0. 0.]
 [0. 0. 0. 0.]
 [0. 0. 0. 0.]]
x0:[ 3.02507091e+00 -3.20180249e+00 -2.27007442e-01  1.37256002e+00
 -1.39586234e+00  1.09489754e-01 -1.46263707e-02  2.00304780e-02
  6.83401644e-01  7.29621232e-01  1.35002774e-05 -2.03442469e-04
  6.47306559e-04]
self.motor_rpms:[0. 0. 0. 0.]
self.x_target_traj:[[ 2.95952845e+00 -3.13510728e+00 -5.00000000e+00  1.35836267e+00
  -1.38310063e+00  1.07980363e-01 -1.46321589e-02  2.01054867e-02
   6.83400273e-01  7.29620337e-01 -3.08584713e-04 -2.01566203e-04
   4.21287143e-04]
 [ 2.97040057e+00 -3.14617682e+00 -5.00000000e+00  1.35965276e+00
  -1.38426471e+00  1.08119331e-01 -1.46307210e-02  2.00986825e-02
   6.83404326e-01  7.29616702e-01 -1.27270119e-04 -3.33274016e-04
   5.75326965e-04]
 [ 2.97584438e+00 -3.15171862e+00 -5.00000000e+00  1.36094332e+00
  -1.38542616e+00  1.08269177e-01 -1.46306893e-02  2.00941246e-02
   6.83406293e-01  7.29615033e-01 -2.03826348e-04 -1.05016981e-04
   5.12956292e-04]
 [ 2.98129320e+00 -3.15726495e+00 -5.00000000e+00  1.36223412e+00
  -1.38658607e+00  1.08408153e-01 -1.46304360e-02  2.00870540e-02
   6.83407128e-01  7.29614437e-01 -3.65176762e-04 -4.28618776e-04
   2.74133752e-04]
 [ 2.98129320e+00 -3.15726495e+00 -5.00000000e+00  1.36353087e+00
  -1.38774228e+00  1.08548611e-01 -1.46296890e-02  2.00806446e-02
   6.83408022e-01  7.29613841e-01 -2.60917004e-04 -3.39974154e-04
   3.90628935e-04]
 [ 2.99220657e+00 -3.16837144e+00 -5.00000000e+00  1.36481965e+00
  -1.38890350e+00  1.08682916e-01 -1.46296704e-02  2.00715102e-02
   6.83409154e-01  7.29613006e-01 -3.16753052e-04 -2.44162511e-04
   3.48221161e-04]
 [ 2.99767113e+00 -3.17393160e+00 -5.00000000e+00  1.36611402e+00
  -1.39005649e+00  1.08821258e-01 -1.46294702e-02  2.00653002e-02
   6.83409691e-01  7.29612648e-01 -3.67658620e-04 -2.93313409e-04
   2.01265910e-04]
 [ 3.00314069e+00 -3.17949653e+00 -5.00000000e+00  1.36740911e+00
  -1.39121509e+00  1.08948782e-01 -1.46284141e-02  2.00511143e-02
   6.83410943e-01  7.29611933e-01 -2.51891091e-04 -9.31438990e-05
   2.78250664e-04]
 [ 3.00861549e+00 -3.18506598e+00 -5.00000000e+00  1.36998296e+00
  -1.39353406e+00  1.09225065e-01 -1.46278935e-02  2.00430937e-02
   6.83409631e-01  7.29613364e-01 -2.11885839e-04 -3.19739425e-04
   2.05939286e-04]
 [ 3.01409554e+00 -3.19064021e+00 -5.00000000e+00  1.37127912e+00
  -1.39469361e+00  1.09357454e-01 -1.46274343e-02  2.00374536e-02
   6.83405817e-01  7.29617059e-01 -3.63537634e-04 -2.36561929e-04
   2.83824862e-04]
 [ 3.01409554e+00 -3.19064021e+00 -5.00000000e+00  1.37127912e+00
  -1.39469361e+00  1.09357454e-01 -1.46274343e-02  2.00374536e-02
   6.83405817e-01  7.29617059e-01 -3.63537634e-04 -2.36561929e-04
   2.83824862e-04]]
self.u_target_traj:[[0. 0. 0. 0.]
 [0. 0. 0. 0.]
 [0. 0. 0. 0.]
 [0. 0. 0. 0.]
 [0. 0. 0. 0.]
 [0. 0. 0. 0.]
 [0. 0. 0. 0.]
 [0. 0. 0. 0.]
 [0. 0. 0. 0.]
 [0. 0. 0. 0.]]
x0:[ 3.14717031e+00 -3.32581019e+00 -2.26356984e-01  1.40119410e+00
 -1.42128074e+00  1.12467453e-01 -1.46113597e-02  1.99769493e-02
  6.83316886e-01  7.29702353e-01 -3.44198197e-05 -2.63663649e-04
  4.66412515e-04]
self.motor_rpms:[0. 0. 0. 0.]
self.x_target_traj:[[ 3.05812049e+00 -3.23540092e+00 -5.00000000e+00  1.38161170e+00
  -1.40398324e+00  1.10426836e-01 -1.46232676e-02  2.00005788e-02
   6.83367908e-01  7.29653716e-01 -6.24704990e-05 -2.02328491e-04
   4.13584639e-04]
 [ 3.06917858e+00 -3.24663734e+00 -5.00000000e+00  1.38421333e+00
  -1.40630627e+00  1.10704713e-01 -1.46227833e-02  1.99957732e-02
   6.83355272e-01  7.29665697e-01 -1.81807962e-04 -3.55437485e-04
   3.72600858e-04]
 [ 3.07471538e+00 -3.25226259e+00 -5.00000000e+00  1.38681507e+00
  -1.40863001e+00  1.10997163e-01 -1.46217924e-02  1.99915562e-02
   6.83342397e-01  7.29677856e-01 -1.70527375e-04 -2.74404127e-04
   2.33894330e-04]
 [ 3.08580470e+00 -3.26352692e+00 -5.00000000e+00  1.38681507e+00
  -1.40863001e+00  1.10997163e-01 -1.46217924e-02  1.99915562e-02
   6.83342397e-01  7.29677856e-01 -1.70527375e-04 -2.74404127e-04
   2.33894330e-04]
 [ 3.09135723e+00 -3.26916599e+00 -5.00000000e+00  1.38812089e+00
  -1.40978408e+00  1.11127548e-01 -1.46210073e-02  1.99879967e-02
   6.83332145e-01  7.29687512e-01 -2.38523935e-04 -1.37519324e-04
   3.20867519e-04]
 [ 3.10247803e+00 -3.28045797e+00 -5.00000000e+00  1.39204419e+00
  -1.41323006e+00  1.11532472e-01 -1.46205360e-02  1.99862830e-02
   6.83322906e-01  7.29696274e-01  1.67664257e-05 -1.58709183e-04
   4.45474987e-04]
 [ 3.11361980e+00 -3.29176831e+00 -5.00000000e+00  1.39335752e+00
  -1.41437781e+00  1.11663908e-01 -1.46204075e-02  1.99857522e-02
   6.83317423e-01  7.29701400e-01 -2.46279698e-04 -1.30184926e-04
   3.45679349e-04]
 [ 3.11919856e+00 -3.29743052e+00 -5.00000000e+00  1.39597714e+00
  -1.41667771e+00  1.11933269e-01 -1.46185309e-02  1.99822094e-02
   6.83310926e-01  7.29707599e-01 -2.96488695e-04 -1.92696752e-04
   3.84319224e-04]
 [ 3.12478256e+00 -3.30309725e+00 -5.00000000e+00  1.39728427e+00
  -1.41782868e+00  1.12066701e-01 -1.46164885e-02  1.99815743e-02
   6.83308840e-01  7.29709685e-01 -6.85871928e-05 -2.74220190e-04
   4.03123093e-04]
 [ 3.13596606e+00 -3.31444454e+00 -5.00000000e+00  1.39858699e+00
  -1.41898680e+00  1.12197176e-01 -1.46144005e-02  1.99793912e-02
   6.83310866e-01  7.29707956e-01 -3.87635024e-04 -2.24951655e-04
   4.07938496e-04]
 [ 3.13596606e+00 -3.31444454e+00 -5.00000000e+00  1.39858699e+00
  -1.41898680e+00  1.12197176e-01 -1.46144005e-02  1.99793912e-02
   6.83310866e-01  7.29707956e-01 -3.87635024e-04 -2.24951655e-04
   4.07938496e-04]]
self.u_target_traj:[[0. 0. 0. 0.]
 [0. 0. 0. 0.]
 [0. 0. 0. 0.]
 [0. 0. 0. 0.]
 [0. 0. 0. 0.]
 [0. 0. 0. 0.]
 [0. 0. 0. 0.]
 [0. 0. 0. 0.]
 [0. 0. 0. 0.]
 [0. 0. 0. 0.]]
x0:[ 3.23755646e+00 -3.41739583e+00 -2.27007442e-01  1.42208135e+00
 -1.43959844e+00  1.14682280e-01 -1.45616150e-02  1.99789982e-02
  6.83439195e-01  7.29588747e-01 -2.07170029e-04 -1.44317688e-04
  2.67238007e-04]
self.motor_rpms:[0. 0. 0. 0.]
self.x_target_traj:[[ 3.16964149e+00 -3.34859657e+00 -5.00000000e+00  1.40639770e+00
  -1.42587459e+00  1.12997100e-01 -1.46032497e-02  1.99714415e-02
   6.83335125e-01  7.29685605e-01 -4.22613171e-04 -3.04090034e-04
   2.49064411e-04]
 [ 3.16964149e+00 -3.34859657e+00 -5.00000000e+00  1.40770590e+00
  -1.42702281e+00  1.13139562e-01 -1.46022793e-02  1.99706405e-02
   6.83339059e-01  7.29681969e-01 -2.85658229e-04 -1.89571118e-04
   2.05115532e-04]
 [ 3.18654943e+00 -3.36573458e+00 -5.00000000e+00  1.41030204e+00
  -1.42932069e+00  1.13413900e-01 -1.46006653e-02  1.99687071e-02
   6.83350563e-01  7.29671240e-01 -3.41709703e-04 -1.66153535e-04
   1.53670786e-04]
 [ 3.18654943e+00 -3.36573458e+00 -5.00000000e+00  1.41030204e+00
  -1.42932069e+00  1.13413900e-01 -1.45977754e-02  1.99686047e-02
   6.83359385e-01  7.29663074e-01 -1.56774069e-04 -2.03793694e-04
   4.69123363e-04]
 [ 3.19219589e+00 -3.37145638e+00 -5.00000000e+00  1.41291165e+00
  -1.43162405e+00  1.13711029e-01 -1.45935751e-02  1.99694913e-02
   6.83366776e-01  7.29656219e-01 -1.02903636e-04 -3.10139090e-04
   4.92008519e-04]
 [ 3.20350456e+00 -3.38291407e+00 -5.00000000e+00  1.41421044e+00
  -1.43277586e+00  1.13851093e-01 -1.45842973e-02  1.99721400e-02
   6.83384418e-01  7.29639769e-01 -3.45526205e-04 -1.51904300e-04
   3.58620309e-04]
 [ 3.20916677e+00 -3.38864970e+00 -5.00000000e+00  1.41683769e+00
  -1.43506110e+00  1.14121929e-01 -1.45809846e-02  1.99727621e-02
   6.83391750e-01  7.29632854e-01 -2.49734148e-04 -1.49116502e-04
   3.43900756e-04]
 [ 3.21483421e+00 -3.39438987e+00 -5.00000000e+00  1.41814697e+00
  -1.43619919e+00  1.14259623e-01 -1.45757934e-02  1.99752375e-02
   6.83404803e-01  7.29620755e-01  3.93041410e-06 -8.59964639e-05
   4.10850276e-04]
 [ 3.22050691e+00 -3.40013456e+00 -5.00000000e+00  1.41946125e+00
  -1.43732560e+00  1.14409819e-01 -1.45700071e-02  1.99766941e-02
   6.83418095e-01  7.29608417e-01 -2.18471861e-04 -3.23558372e-04
   5.63828391e-04]
 [ 3.23186803e+00 -3.41163754e+00 -5.00000000e+00  1.42077231e+00
  -1.43846631e+00  1.14544950e-01 -1.45668443e-02  1.99775007e-02
   6.83427095e-01  7.29599953e-01 -3.16861551e-04 -2.48248456e-04
   4.26929095e-04]
 [ 3.23186803e+00 -3.41163754e+00 -5.00000000e+00  1.42077231e+00
  -1.43846631e+00  1.14544950e-01 -1.45668443e-02  1.99775007e-02
   6.83427095e-01  7.29599953e-01 -3.16861551e-04 -2.48248456e-04
   4.26929095e-04]]
self.u_target_traj:[[0. 0. 0. 0.]
 [0. 0. 0. 0.]
 [0. 0. 0. 0.]
 [0. 0. 0. 0.]
 [0. 0. 0. 0.]
 [0. 0. 0. 0.]
 [0. 0. 0. 0.]
 [0. 0. 0. 0.]
 [0. 0. 0. 0.]
 [0. 0. 0. 0.]]
x0:[ 3.33506298e+00 -3.51597834e+00 -2.27007442e-01  1.44445431e+00
 -1.45874357e+00  1.16984449e-01 -1.44879166e-02  2.00242065e-02
  6.83574975e-01  7.29461730e-01 -3.14712874e-04 -1.15280971e-04
  4.41021868e-04]
self.motor_rpms:[0. 0. 0. 0.]
self.x_target_traj:[[ 3.26036263e+00 -3.44047475e+00 -5.00000000e+00  1.42864096e+00
  -1.44523716e+00  1.15391590e-01 -1.45466179e-02  1.99857466e-02
   6.83481455e-01  7.29549289e-01 -3.17992351e-04 -1.07653905e-04
   2.88485200e-04]
 [ 3.27179718e+00 -3.45204115e+00 -5.00000000e+00  1.42995381e+00
  -1.44636786e+00  1.15529701e-01 -1.45365391e-02  1.99927166e-02
   6.83504164e-01  7.29528010e-01 -3.15804675e-04 -2.08621379e-04
   5.91547112e-04]
 [ 3.27179718e+00 -3.45204115e+00 -5.00000000e+00  1.43258584e+00
  -1.44861197e+00  1.15799971e-01 -1.45258941e-02  1.99996885e-02
   6.83526278e-01  7.29507267e-01 -2.57325300e-04 -2.08737853e-04
   2.95932055e-04]
 [ 3.28898835e+00 -3.46942472e+00 -5.00000000e+00  1.43390203e+00
  -1.44973505e+00  1.15941718e-01 -1.45258941e-02  1.99996885e-02
   6.83526278e-01  7.29507267e-01 -2.57325300e-04 -2.08737853e-04
   2.95932055e-04]
 [ 3.28898835e+00 -3.46942472e+00 -5.00000000e+00  1.43653274e+00
  -1.45199180e+00  1.16214268e-01 -1.45123638e-02  2.00092681e-02
   6.83551967e-01  7.29483247e-01 -3.87470063e-04 -1.50231936e-04
   3.55962547e-04]
 [ 3.30047536e+00 -3.48103595e+00 -5.00000000e+00  1.43653274e+00
  -1.45199180e+00  1.16214268e-01 -1.45123638e-02  2.00092681e-02
   6.83551967e-01  7.29483247e-01 -3.87470063e-04 -1.50231936e-04
   3.55962547e-04]
 [ 3.30622673e+00 -3.48684835e+00 -5.00000000e+00  1.43785739e+00
  -1.45311451e+00  1.16347574e-01 -1.45068131e-02  2.00126208e-02
   6.83557451e-01  7.29478121e-01 -3.62853811e-04 -3.70882131e-04
   3.92565387e-04]
 [ 3.31198335e+00 -3.49266529e+00 -5.00000000e+00  1.44049025e+00
  -1.45536470e+00  1.16618499e-01 -1.44974040e-02  2.00171676e-02
   6.83565736e-01  7.29470372e-01 -3.28045979e-04 -4.15711082e-04
   3.98513046e-04]
 [ 3.32351255e+00 -3.50431275e+00 -5.00000000e+00  1.44180989e+00
  -1.45648754e+00  1.16741389e-01 -1.44935278e-02  2.00192109e-02
   6.83568537e-01  7.29467750e-01 -3.61883256e-04 -3.39066319e-04
   2.98707397e-04]
 [ 3.32928514e+00 -3.51014328e+00 -5.00000000e+00  1.44313276e+00
  -1.45761085e+00  1.16854012e-01 -1.44898705e-02  2.00223476e-02
   6.83572829e-01  7.29463756e-01 -5.72251214e-04 -8.61593289e-05
   4.77499445e-04]
 [ 3.32928514e+00 -3.51014328e+00 -5.00000000e+00  1.44313276e+00
  -1.45761085e+00  1.16854012e-01 -1.44898705e-02  2.00223476e-02
   6.83572829e-01  7.29463756e-01 -5.72251214e-04 -8.61593289e-05
   4.77499445e-04]]
self.u_target_traj:[[0. 0. 0. 0.]
 [0. 0. 0. 0.]
 [0. 0. 0. 0.]
 [0. 0. 0. 0.]
 [0. 0. 0. 0.]
 [0. 0. 0. 0.]
 [0. 0. 0. 0.]
 [0. 0. 0. 0.]
 [0. 0. 0. 0.]
 [0. 0. 0. 0.]]
x0:[ 3.43409371e+00 -3.61586189e+00 -2.28308359e-01  1.46690094e+00
 -1.47793031e+00  1.19011842e-01 -1.44703453e-02  2.00538058e-02
  6.83526933e-01  7.29506314e-01 -2.53360253e-04 -2.16581509e-04
  3.07618408e-04]
self.motor_rpms:[0. 0. 0. 0.]
self.x_target_traj:[[ 3.36403108e+00 -3.54522085e+00 -5.00000000e+00  1.45236945e+00
  -1.46548831e+00  1.17757067e-01 -1.44754956e-02  2.00407058e-02
   6.83578253e-01  7.29458511e-01 -3.50397779e-04 -2.78110179e-04
   4.43578581e-04]
 [ 3.36984062e+00 -3.55108285e+00 -5.00000000e+00  1.45369816e+00
  -1.46661294e+00  1.17887042e-01 -1.44737568e-02  2.00435296e-02
   6.83574617e-01  7.29461789e-01 -1.91661122e-04 -3.44548025e-05
   1.77134993e-04]
 [ 3.38147545e+00 -3.56282020e+00 -5.00000000e+00  1.45634019e+00
  -1.46886146e+00  1.18131571e-01 -1.44724632e-02  2.00463552e-02
   6.83566451e-01  7.29469478e-01 -3.02138156e-04 -2.62968882e-04
   3.73503892e-04]
 [ 3.38730073e+00 -3.56869555e+00 -5.00000000e+00  1.45634019e+00
  -1.46886146e+00  1.18131571e-01 -1.44724632e-02  2.00463552e-02
   6.83566451e-01  7.29469478e-01 -3.02138156e-04 -2.62968882e-04
   3.73503892e-04]
 [ 3.38730073e+00 -3.56869555e+00 -5.00000000e+00  1.45634019e+00
  -1.46886146e+00  1.18131571e-01 -1.44724632e-02  2.00463552e-02
   6.83566451e-01  7.29469478e-01 -3.02138156e-04 -2.62968882e-04
   3.73503892e-04]
 [ 3.39313126e+00 -3.57457542e+00 -5.00000000e+00  1.45765758e+00
  -1.46999311e+00  1.18252367e-01 -1.44708622e-02  2.00478397e-02
   6.83559775e-01  7.29475677e-01 -2.89782649e-04 -2.71951605e-04
   2.45965784e-04]
 [ 3.39896727e+00 -3.58045983e+00 -5.00000000e+00  1.45898342e+00
  -1.47112775e+00  1.18369170e-01 -1.44697204e-02  2.00488977e-02
   6.83552563e-01  7.29482472e-01 -1.19547942e-04 -2.78106949e-04
   4.65761637e-04]
 [ 3.40480852e+00 -3.58634877e+00 -5.00000000e+00  1.46161675e+00
  -1.47338557e+00  1.18590042e-01 -1.44684138e-02  2.00513266e-02
   6.83541298e-01  7.29493022e-01 -1.44558027e-04 -1.67370832e-04
   4.84597171e-04]
 [ 3.41650677e+00 -3.59814024e+00 -5.00000000e+00  1.46293271e+00
  -1.47452319e+00  1.18701018e-01 -1.44683318e-02  2.00524628e-02
   6.83536470e-01  7.29497433e-01 -1.10369176e-04 -1.67740218e-04
   3.73947434e-04]
 [ 3.42236376e+00 -3.60404301e+00 -5.00000000e+00  1.46425855e+00
  -1.47566283e+00  1.18806697e-01 -1.44695956e-02  2.00540554e-02
   6.83530569e-01  7.29502916e-01 -1.80498639e-04 -1.64270459e-04
   2.08916375e-04]
 [ 3.42236376e+00 -3.60404301e+00 -5.00000000e+00  1.46425855e+00
  -1.47566283e+00  1.18806697e-01 -1.44695956e-02  2.00540554e-02
   6.83530569e-01  7.29502916e-01 -1.80498639e-04 -1.64270459e-04
   2.08916375e-04]]
self.u_target_traj:[[0. 0. 0. 0.]
 [0. 0. 0. 0.]
 [0. 0. 0. 0.]
 [0. 0. 0. 0.]
 [0. 0. 0. 0.]
 [0. 0. 0. 0.]
 [0. 0. 0. 0.]
 [0. 0. 0. 0.]
 [0. 0. 0. 0.]
 [0. 0. 0. 0.]]
x0:[ 3.55255389e+00 -3.73504972e+00 -2.27007442e-01  1.49324429e+00
 -1.50067842e+00  1.21104538e-01 -1.44765675e-02  2.00936161e-02
  6.83370709e-01  7.29651392e-01 -1.33356894e-04 -6.75445772e-05
  5.93021978e-04]
self.motor_rpms:[0. 0. 0. 0.]
self.x_target_traj:[[ 3.46941090e+00 -3.65142679e+00 -5.00000000e+00  1.47483885e+00
  -1.48472023e+00  1.19620182e-01 -1.44758653e-02  2.00541578e-02
   6.83498144e-01  7.29533195e-01 -2.96664366e-04 -2.19429494e-05
   2.41506845e-04]
 [ 3.47531557e+00 -3.65737033e+00 -5.00000000e+00  1.47615075e+00
  -1.48586106e+00  1.19726732e-01 -1.44782225e-02  2.00538710e-02
   6.83487177e-01  7.29543447e-01 -2.96268263e-04 -5.42115304e-05
   2.11546896e-04]
 [ 3.48122549e+00 -3.66331840e+00 -5.00000000e+00  1.47746050e+00
  -1.48700774e+00  1.19840629e-01 -1.44795328e-02  2.00573727e-02
   6.83477461e-01  7.29552388e-01 -1.72880245e-04  5.24983625e-05
   4.00379766e-04]
 [ 3.48122549e+00 -3.66331840e+00 -5.00000000e+00  1.47877324e+00
  -1.48814738e+00  1.19948193e-01 -1.44797619e-02  2.00604964e-02
   6.83471918e-01  7.29557514e-01 -2.10864120e-04 -1.04999810e-04
   4.27169027e-04]
 [ 3.50491762e+00 -3.68715596e+00 -5.00000000e+00  1.48271966e+00
  -1.49156296e+00  1.20277159e-01 -1.44787841e-02  2.00694557e-02
   6.83443606e-01  7.29583800e-01 -1.96851324e-04 -2.10054161e-04
   2.27418728e-04]
 [ 3.51085377e+00 -3.69312668e+00 -5.00000000e+00  1.48402953e+00
  -1.49270034e+00  1.20379813e-01 -1.44791584e-02  2.00735815e-02
   6.83427989e-01  7.29598284e-01 -1.12496258e-04 -1.56601658e-04
   1.80959236e-04]
 [ 3.51679516e+00 -3.69910192e+00 -5.00000000e+00  1.48534763e+00
  -1.49383903e+00  1.20487943e-01 -1.44791584e-02  2.00735815e-02
   6.83427989e-01  7.29598284e-01 -1.12496258e-04 -1.56601658e-04
   1.80959236e-04]
 [ 3.52869368e+00 -3.71106625e+00 -5.00000000e+00  1.48798692e+00
  -1.49611366e+00  1.20699592e-01 -1.44783938e-02  2.00809166e-02
   6.83405399e-01  7.29619265e-01 -1.95169705e-04 -3.28821305e-04
   3.15267593e-04]
 [ 3.53465080e+00 -3.71705532e+00 -5.00000000e+00  1.48930514e+00
  -1.49724936e+00  1.20806128e-01 -1.44781116e-02  2.00834163e-02
   6.83398366e-01  7.29625821e-01 -1.42740726e-04 -1.15881267e-04
   2.93842983e-04]
 [ 3.54061317e+00 -3.72304893e+00 -5.00000000e+00  1.49193692e+00
  -1.49953771e+00  1.21001542e-01 -1.44774700e-02  2.00897064e-02
   6.83380187e-01  7.29642689e-01 -1.41468365e-04 -3.21787113e-04
   2.26956559e-04]
 [ 3.54061317e+00 -3.72304893e+00 -5.00000000e+00  1.49193692e+00
  -1.49953771e+00  1.21001542e-01 -1.44774700e-02  2.00897064e-02
   6.83380187e-01  7.29642689e-01 -1.41468365e-04 -3.21787113e-04
   2.26956559e-04]]
self.u_target_traj:[[0. 0. 0. 0.]
 [0. 0. 0. 0.]
 [0. 0. 0. 0.]
 [0. 0. 0. 0.]
 [0. 0. 0. 0.]
 [0. 0. 0. 0.]
 [0. 0. 0. 0.]
 [0. 0. 0. 0.]
 [0. 0. 0. 0.]
 [0. 0. 0. 0.]]
x0:[ 3.64883685e+00 -3.83171391e+00 -2.28958817e-01  1.51424408e+00
 -1.51888466e+00  1.22745931e-01 -1.44997276e-02  2.01666113e-02
  6.83185458e-01  7.29822397e-01 -2.66396848e-04 -2.62168527e-04
  3.76302982e-04]
self.motor_rpms:[0. 0. 0. 0.]
self.x_target_traj:[[ 3.57050467e+00 -3.75308490e+00 -5.00000000e+00  1.49720955e+00
  -1.50408912e+00  1.21418342e-01 -1.44841662e-02  2.01084446e-02
   6.83344662e-01  7.29675293e-01 -9.32791154e-05 -5.50902332e-05
   3.19041079e-04]
 [ 3.57649875e+00 -3.75910592e+00 -5.00000000e+00  1.49983239e+00
  -1.50639045e+00  1.21622682e-01 -1.44880367e-02  2.01179981e-02
   6.83327556e-01  7.29690909e-01 -2.86511611e-04 -3.41709238e-04
   2.90066935e-04]
 [ 3.58249807e+00 -3.76513147e+00 -5.00000000e+00  1.50114834e+00
  -1.50754011e+00  1.21725671e-01 -1.44901229e-02  2.01216266e-02
   6.83311462e-01  7.29705870e-01 -4.03827522e-04 -3.79857724e-04
   3.12757213e-04]
 [ 3.58850265e+00 -3.77116156e+00 -5.00000000e+00  1.50246632e+00
  -1.50868809e+00  1.21841952e-01 -1.44909536e-02  2.01253388e-02
   6.83301270e-01  7.29715347e-01 -7.97849498e-05 -2.73149693e-04
   3.43992142e-04]
 [ 3.60052752e+00 -3.78323579e+00 -5.00000000e+00  1.50376713e+00
  -1.50983167e+00  1.21948816e-01 -1.44929318e-02  2.01296713e-02
   6.83286607e-01  7.29728818e-01 -2.27235549e-04 -2.74278573e-04
   4.49874671e-04]
 [ 3.60654783e+00 -3.78927970e+00 -5.00000000e+00  1.50638449e+00
  -1.51209533e+00  1.22168802e-01 -1.44966021e-02  2.01387554e-02
   6.83261812e-01  7.29751766e-01 -2.67605647e-05 -8.36713589e-05
   1.91468978e-04]
 [ 3.61860418e+00 -3.80138111e+00 -5.00000000e+00  1.50769639e+00
  -1.51322675e+00  1.22266881e-01 -1.44982068e-02  2.01417413e-02
   6.83252871e-01  7.29760051e-01 -2.28217803e-04 -2.21326482e-04
   3.92584829e-04]
 [ 3.62464023e+00 -3.80743861e+00 -5.00000000e+00  1.51032400e+00
  -1.51549518e+00  1.22471988e-01 -1.45018799e-02  2.01493092e-02
   6.83227777e-01  7.29783237e-01 -3.37216537e-04 -2.00315728e-04
   4.98095760e-04]
 [ 3.63068151e+00 -3.81350064e+00 -5.00000000e+00  1.51163566e+00
  -1.51662505e+00  1.22565567e-01 -1.45006711e-02  2.01559719e-02
   6.83211863e-01  7.29797900e-01 -2.43633229e-04 -3.55270167e-04
   2.29428755e-04]
 [ 3.63672805e+00 -3.81956720e+00 -5.00000000e+00  1.51294172e+00
  -1.51775432e+00  1.22659028e-01 -1.45006720e-02  2.01597456e-02
   6.83200657e-01  7.29808271e-01 -3.61340819e-04 -2.17512017e-04
   9.53879207e-05]
 [ 3.63672805e+00 -3.81956720e+00 -5.00000000e+00  1.51294172e+00
  -1.51775432e+00  1.22659028e-01 -1.45006720e-02  2.01597456e-02
   6.83200657e-01  7.29808271e-01 -3.61340819e-04 -2.17512017e-04
   9.53879207e-05]]
self.u_target_traj:[[0. 0. 0. 0.]
 [0. 0. 0. 0.]
 [0. 0. 0. 0.]
 [0. 0. 0. 0.]
 [0. 0. 0. 0.]
 [0. 0. 0. 0.]
 [0. 0. 0. 0.]
 [0. 0. 0. 0.]
 [0. 0. 0. 0.]
 [0. 0. 0. 0.]]
x0:[ 3.75875187e+00 -3.94184947e+00 -2.26356984e-01  1.53760695e+00
 -1.53931177e+00  1.24412023e-01 -1.44621795e-02  2.02312302e-02
  6.82996631e-01  7.29998112e-01 -2.98567349e-04 -3.01493914e-04
  3.66190681e-04]
self.motor_rpms:[0. 0. 0. 0.]
self.x_target_traj:[[ 3.68528795e+00 -3.86826277e+00 -5.00000000e+00  1.52204669e+00
  -1.52567589e+00  1.23288944e-01 -1.44983279e-02  2.01913621e-02
   6.83122754e-01  7.29880452e-01 -9.79037723e-05 -1.64045428e-04
   3.46634537e-04]
 [ 3.68528795e+00 -3.86826277e+00 -5.00000000e+00  1.52204669e+00
  -1.52567589e+00  1.23288944e-01 -1.44970929e-02  2.01956350e-02
   6.83112621e-01  7.29889810e-01 -2.40605383e-04 -2.65031733e-04
   2.48418655e-04]
 [ 3.69138145e+00 -3.87437010e+00 -5.00000000e+00  1.52465332e+00
  -1.52793622e+00  1.23479366e-01 -1.44937066e-02  2.02051457e-02
   6.83082104e-01  7.29918182e-01 -1.27126521e-04 -3.12810123e-04
   3.27320071e-04]
 [ 3.69747996e+00 -3.88048196e+00 -5.00000000e+00  1.52595472e+00
  -1.52906656e+00  1.23564139e-01 -1.44924745e-02  2.02089362e-02
   6.83072209e-01  7.29927361e-01 -1.40580174e-04 -6.58081262e-05
   2.03245319e-04]
 [ 3.70358372e+00 -3.88659811e+00 -5.00000000e+00  1.52595472e+00
  -1.52906656e+00  1.23564139e-01 -1.44924745e-02  2.02089362e-02
   6.83072209e-01  7.29927361e-01 -1.40580174e-04 -6.58081262e-05
   2.03245319e-04]
 [ 3.70969272e+00 -3.89271903e+00 -5.00000000e+00  1.52856266e+00
  -1.53135276e+00  1.23748660e-01 -1.44861620e-02  2.02153753e-02
   6.83052659e-01  7.29945660e-01 -1.94498978e-04 -2.19439098e-04
   4.24434664e-04]
 [ 3.72192645e+00 -3.90497446e+00 -5.00000000e+00  1.52985632e+00
  -1.53248680e+00  1.23838998e-01 -1.44821629e-02  2.02191547e-02
   6.83041513e-01  7.29956031e-01 -2.22705887e-04 -4.06172476e-05
   1.64494850e-04]
 [ 3.72805119e+00 -3.91110897e+00 -5.00000000e+00  1.53244340e+00
  -1.53475881e+00  1.24043420e-01 -1.44756995e-02  2.02241056e-02
   6.83024585e-01  7.29971826e-01 -1.14417868e-04 -2.79236614e-04
   4.16623661e-04]
 [ 3.74031591e+00 -3.92339158e+00 -5.00000000e+00  1.53373873e+00
  -1.53590226e+00  1.24135934e-01 -1.44724827e-02  2.02261694e-02
   6.83019161e-01  7.29976952e-01 -9.18032019e-05 -1.76108791e-04
   5.35309082e-04]
 [ 3.74645615e+00 -3.92953968e+00 -5.00000000e+00  1.53503323e+00
  -1.53703380e+00  1.24226570e-01 -1.44691579e-02  2.02292074e-02
   6.83010519e-01  7.29984999e-01 -2.71370518e-04  4.22011944e-05
   2.90041557e-04]
 [ 3.74645615e+00 -3.92953968e+00 -5.00000000e+00  1.53503323e+00
  -1.53703380e+00  1.24226570e-01 -1.44691579e-02  2.02292074e-02
   6.83010519e-01  7.29984999e-01 -2.71370518e-04  4.22011944e-05
   2.90041557e-04]]
self.u_target_traj:[[0. 0. 0. 0.]
 [0. 0. 0. 0.]
 [0. 0. 0. 0.]
 [0. 0. 0. 0.]
 [0. 0. 0. 0.]
 [0. 0. 0. 0.]
 [0. 0. 0. 0.]
 [0. 0. 0. 0.]
 [0. 0. 0. 0.]
 [0. 0. 0. 0.]]
x0:[ 3.87034202e+00 -4.05345154e+00 -2.27007442e-01  1.56075168e+00
 -1.55958617e+00  1.26015231e-01 -1.44107342e-02  2.02171598e-02
  6.82961643e-01  7.30032206e-01 -2.23147217e-04 -2.75259546e-04
  3.79534671e-04]
self.motor_rpms:[0. 0. 0. 0.]
self.x_target_traj:[[ 3.78958178e+00 -3.97270322e+00 -5.00000000e+00  1.54406929e+00
  -1.54496109e+00  1.24840558e-01 -1.44458795e-02  2.02329531e-02
   6.82975590e-01  7.30018079e-01 -3.10868723e-04 -1.70546817e-04
   3.82966595e-04]
 [ 3.79576325e+00 -3.97888756e+00 -5.00000000e+00  1.54535985e+00
  -1.54609072e+00  1.24927424e-01 -1.44380722e-02  2.02330109e-02
   6.82968318e-01  7.30024993e-01 -9.24356282e-05 -2.06018507e-04
   3.89735680e-04]
 [ 3.80194998e+00 -3.98507643e+00 -5.00000000e+00  1.54666185e+00
  -1.54721344e+00  1.25011906e-01 -1.44292740e-02  2.02304889e-02
   6.82967424e-01  7.30026066e-01 -2.69774464e-04 -3.24041612e-04
   3.29499599e-04]
 [ 3.80814171e+00 -3.99126983e+00 -5.00000000e+00  1.54925692e+00
  -1.54945755e+00  1.25192657e-01 -1.44259231e-02  2.02295762e-02
   6.82967365e-01  7.30026245e-01 -1.86280231e-04 -3.18276230e-04
   3.00343847e-04]
 [ 3.82054090e+00 -4.00367022e+00 -5.00000000e+00  1.55180931e+00
  -1.55172741e+00  1.25366598e-01 -1.44194271e-02  2.02262904e-02
   6.82968020e-01  7.30025828e-01 -3.65074957e-04 -1.60930213e-04
   8.18863045e-05]
 [ 3.83296061e+00 -4.01608849e+00 -5.00000000e+00  1.55309141e+00
  -1.55284357e+00  1.25453323e-01 -1.44161154e-02  2.02239994e-02
   6.82969928e-01  7.30024159e-01 -3.57474200e-04 -1.46557402e-04
   5.30185876e-04]
 [ 3.83917809e+00 -4.02230453e+00 -5.00000000e+00  1.55436790e+00
  -1.55397546e+00  1.25552475e-01 -1.44144446e-02  2.02235766e-02
   6.82970762e-01  7.30023384e-01 -3.04276822e-04  1.93538726e-05
   2.06734985e-04]
 [ 3.84540057e+00 -4.02852488e+00 -5.00000000e+00  1.55692160e+00
  -1.55623138e+00  1.25740364e-01 -1.44105032e-02  2.02204529e-02
   6.82968736e-01  7.30025470e-01 -3.63857020e-04 -1.70050422e-04
   4.59141796e-04]
 [ 3.85786104e+00 -4.04097939e+00 -5.00000000e+00  1.55819559e+00
  -1.55734861e+00  1.25828549e-01 -1.44085875e-02  2.02186778e-02
   6.82966828e-01  7.30027437e-01 -2.09654216e-04 -1.23048027e-04
   3.64361331e-04]
 [ 3.86409903e+00 -4.04721308e+00 -5.00000000e+00  1.55947280e+00
  -1.55847132e+00  1.25923172e-01 -1.44095439e-02  2.02184580e-02
   6.82964742e-01  7.30029285e-01 -1.58564653e-04 -2.81175016e-05
   4.51561762e-04]
 [ 3.86409903e+00 -4.04721308e+00 -5.00000000e+00  1.55947280e+00
  -1.55847132e+00  1.25923172e-01 -1.44095439e-02  2.02184580e-02
   6.82964742e-01  7.30029285e-01 -1.58564653e-04 -2.81175016e-05
   4.51561762e-04]]
self.u_target_traj:[[0. 0. 0. 0.]
 [0. 0. 0. 0.]
 [0. 0. 0. 0.]
 [0. 0. 0. 0.]
 [0. 0. 0. 0.]
 [0. 0. 0. 0.]
 [0. 0. 0. 0.]
 [0. 0. 0. 0.]
 [0. 0. 0. 0.]
 [0. 0. 0. 0.]]
x0:[ 3.97725701e+00 -4.16018677e+00 -2.27657901e-01  1.58254945e+00
 -1.57857502e+00  1.27752617e-01 -1.44562703e-02  2.02099308e-02
  6.82876885e-01  7.30110824e-01 -9.45730135e-05 -7.14242342e-05
  1.92583771e-04]
self.motor_rpms:[0. 0. 0. 0.]
self.x_target_traj:[[ 3.9079072e+00 -4.0909753e+00 -5.0000000e+00  1.5684284e+00
  -1.5662940e+00  1.2660263e-01 -1.4420370e-02  2.0209404e-02
   6.8293875e-01  7.3005372e-01 -1.9768928e-04 -4.1823310e-05
   3.1038257e-04]
 [ 3.9141860e+00 -4.0972447e+00 -5.0000000e+00  1.5709893e+00
  -1.5685225e+00  1.2681618e-01 -1.4422533e-02  2.0207727e-02
   6.8293428e-01  7.3005784e-01 -1.6946206e-04 -2.4055399e-04
   4.0228548e-04]
 [ 3.9204700e+00 -4.1035190e+00 -5.0000000e+00  1.5709893e+00
  -1.5685225e+00  1.2681618e-01 -1.4422533e-02  2.0207727e-02
   6.8293428e-01  7.3005784e-01 -1.6946206e-04 -2.4055399e-04
   4.0228548e-04]
 [ 3.9204700e+00 -4.1035190e+00 -5.0000000e+00  1.5709893e+00
  -1.5685225e+00  1.2681618e-01 -1.4422533e-02  2.0207727e-02
   6.8293428e-01  7.3005784e-01 -1.6946206e-04 -2.4055399e-04
   4.0228548e-04]
 [ 3.9267590e+00 -4.1097975e+00 -5.0000000e+00  1.5722760e+00
  -1.5696408e+00  1.2691249e-01 -1.4424571e-02  2.0207006e-02
   6.8293196e-01  7.3005998e-01 -2.4973846e-04 -5.4460310e-05
   5.5749435e-04]
 [ 3.9330533e+00 -4.1160803e+00 -5.0000000e+00  1.5735686e+00
  -1.5707517e+00  1.2702788e-01 -1.4430292e-02  2.0205110e-02
   6.8292147e-01  7.3006976e-01 -2.8853491e-04 -2.5074725e-04
   3.6236248e-04]
 [ 3.9456573e+00 -4.1286597e+00 -5.0000000e+00  1.5761367e+00
  -1.5729873e+00  1.2724836e-01 -1.4435320e-02  2.0205401e-02
   6.8291271e-01  7.3007780e-01 -3.5390450e-04 -6.6627341e-05
   3.3601304e-04]
 [ 3.9519670e+00 -4.1349564e+00 -5.0000000e+00  1.5774165e+00
  -1.5741081e+00  1.2735100e-01 -1.4439228e-02  2.0206671e-02
   6.8290693e-01  7.3008311e-01 -3.0195469e-04 -6.5626286e-05
   2.8696191e-04]
 [ 3.9582818e+00 -4.1412573e+00 -5.0000000e+00  1.5787034e+00
  -1.5752226e+00  1.2745903e-01 -1.4443756e-02  2.0206776e-02
   6.8289757e-01  7.3009187e-01 -2.3456960e-04 -4.0443207e-05
   1.7133402e-04]
 [ 3.9646018e+00 -4.1475625e+00 -5.0000000e+00  1.5812638e+00
  -1.5774540e+00  1.2764889e-01 -1.4453236e-02  2.0208878e-02
   6.8288273e-01  7.3010540e-01 -3.0828174e-04 -1.1629198e-04
   2.8608181e-04]
 [ 3.9646018e+00 -4.1475625e+00 -5.0000000e+00  1.5812638e+00
  -1.5774540e+00  1.2764889e-01 -1.4453236e-02  2.0208878e-02
   6.8288273e-01  7.3010540e-01 -3.0828174e-04 -1.1629198e-04
   2.8608181e-04]]
self.u_target_traj:[[0. 0. 0. 0.]
 [0. 0. 0. 0.]
 [0. 0. 0. 0.]
 [0. 0. 0. 0.]
 [0. 0. 0. 0.]
 [0. 0. 0. 0.]
 [0. 0. 0. 0.]
 [0. 0. 0. 0.]
 [0. 0. 0. 0.]
 [0. 0. 0. 0.]]
x0:[ 4.09206867e+00 -4.27461100e+00 -2.26356984e-01  1.60532022e+00
 -1.59878588e+00  1.29563227e-01 -1.45014068e-02  2.02479828e-02
  6.82809770e-01  7.30171621e-01 -2.82221648e-04 -4.78637521e-05
  3.39612598e-04]
self.motor_rpms:[0. 0. 0. 0.]
self.x_target_traj:[[ 4.00262880e+00 -4.18548822e+00 -5.00000000e+00  1.58894217e+00
  -1.58414912e+00  1.28262267e-01 -1.44764520e-02  2.02148743e-02
   6.82841837e-01  7.30143070e-01 -4.45934304e-04 -2.23236275e-04
   2.69149197e-04]
 [ 4.01534557e+00 -4.19816589e+00 -5.00000000e+00  1.59021485e+00
  -1.58527911e+00  1.28372505e-01 -1.44799082e-02  2.02149674e-02
   6.82837248e-01  7.30147302e-01 -3.80838930e-04 -1.00879057e-04
   5.04524913e-04]
 [ 4.02171135e+00 -4.20451164e+00 -5.00000000e+00  1.59147966e+00
  -1.58640683e+00  1.28466949e-01 -1.44835319e-02  2.02180482e-02
   6.82832301e-01  7.30151713e-01 -1.03673839e-04 -1.32666552e-04
   4.47938917e-04]
 [ 4.02808237e+00 -4.21086168e+00 -5.00000000e+00  1.59273839e+00
  -1.58753181e+00  1.28581271e-01 -1.44856116e-02  2.02210285e-02
   6.82829916e-01  7.30153859e-01 -1.68744766e-04 -4.84525808e-05
   4.40282747e-04]
 [ 4.03445816e+00 -4.21721649e+00 -5.00000000e+00  1.59526563e+00
  -1.58978593e+00  1.28779233e-01 -1.44898808e-02  2.02257987e-02
   6.82823420e-01  7.30159760e-01 -1.82119315e-04 -2.60377943e-04
   3.23887216e-04]
 [ 4.04722548e+00 -4.22993946e+00 -5.00000000e+00  1.59653056e+00
  -1.59090865e+00  1.28866866e-01 -1.44920088e-02  2.02287026e-02
   6.82819545e-01  7.30163157e-01  8.77208658e-05 -8.15517851e-05
   1.58553245e-04]
 [ 4.05361652e+00 -4.23630762e+00 -5.00000000e+00  1.59905076e+00
  -1.59315813e+00  1.29068211e-01 -1.44942105e-02  2.02358123e-02
   6.82814121e-01  7.30168045e-01 -6.03984226e-05 -2.04040087e-04
   4.00818186e-04]
 [ 4.06641388e+00 -4.24905729e+00 -5.00000000e+00  1.60030794e+00
  -1.59428120e+00  1.29174054e-01 -1.44952638e-02  2.02384405e-02
   6.82813048e-01  7.30168939e-01  6.45668479e-06 -1.53990230e-04
   4.18182462e-04]
 [ 4.07282019e+00 -4.25543880e+00 -5.00000000e+00  1.60157597e+00
  -1.59540081e+00  1.29269496e-01 -1.44973611e-02  2.02411897e-02
   6.82811797e-01  7.30170012e-01 -2.96345039e-04 -1.21116464e-04
   2.66751740e-04]
 [ 4.08564758e+00 -4.26821566e+00 -5.00000000e+00  1.60407162e+00
  -1.59765959e+00  1.29462034e-01 -1.44997379e-02  2.02460065e-02
   6.82809949e-01  7.30171561e-01 -1.94348046e-04 -8.79220315e-05
   3.11223557e-04]
 [ 4.08564758e+00 -4.26821566e+00 -5.00000000e+00  1.60407162e+00
  -1.59765959e+00  1.29462034e-01 -1.44997379e-02  2.02460065e-02
   6.82809949e-01  7.30171561e-01 -1.94348046e-04 -8.79220315e-05
   3.11223557e-04]]
self.u_target_traj:[[0. 0. 0. 0.]
 [0. 0. 0. 0.]
 [0. 0. 0. 0.]
 [0. 0. 0. 0.]
 [0. 0. 0. 0.]
 [0. 0. 0. 0.]
 [0. 0. 0. 0.]
 [0. 0. 0. 0.]
 [0. 0. 0. 0.]
 [0. 0. 0. 0.]]
x0:[ 4.19549179e+00 -4.37754583e+00 -2.28308359e-01  1.62538481e+00
 -1.61680126e+00  1.31075606e-01 -1.44716892e-02  2.02488136e-02
  6.82778239e-01  7.30201721e-01 -1.91952742e-04 -2.91050994e-04
  4.06972598e-04]
self.motor_rpms:[0. 0. 0. 0.]
self.x_target_traj:[[ 4.1242499e+00 -4.3066545e+00 -5.0000000e+00  1.6115880e+00
  -1.6044263e+00  1.3006327e-01 -1.4496376e-02  2.0252144e-02
   6.8280661e-01  7.3017454e-01 -4.0909083e-04 -5.5394194e-05
   3.3803284e-04]
 [ 4.1307015e+00 -4.3130765e+00 -5.0000000e+00  1.6128426e+00
  -1.6055634e+00  1.3015607e-01 -1.4496349e-02  2.0252259e-02
   6.8280399e-01  7.3017704e-01 -4.2982196e-04  2.2011751e-05
   3.0906755e-04]
 [ 4.1307015e+00 -4.3130765e+00 -5.0000000e+00  1.6140990e+00
  -1.6066877e+00  1.3025072e-01 -1.4495044e-02  2.0252425e-02
   6.8280113e-01  7.3017973e-01 -2.8727518e-04 -1.5260966e-04
   4.7829119e-04]
 [ 4.1371579e+00 -4.3195033e+00 -5.0000000e+00  1.6140990e+00
  -1.6066877e+00  1.3025072e-01 -1.4495044e-02  2.0252425e-02
   6.8280113e-01  7.3017973e-01 -2.8727518e-04 -1.5260966e-04
   4.7829119e-04]
 [ 4.1371579e+00 -4.3195033e+00 -5.0000000e+00  1.6153628e+00
  -1.6078106e+00  1.3035049e-01 -1.4494191e-02  2.0252101e-02
   6.8279880e-01  7.3018187e-01 -3.8098433e-04 -1.4546048e-04
   3.0254410e-04]
 [ 4.1500859e+00 -4.3323703e+00 -5.0000000e+00  1.6166180e+00
  -1.6089290e+00  1.3044012e-01 -1.4492816e-02  2.0252325e-02
   6.8279558e-01  7.3018491e-01 -3.1057902e-04  1.6968639e-05
   3.8259593e-04]
 [ 4.1565576e+00 -4.3388104e+00 -5.0000000e+00  1.6178700e+00
  -1.6100537e+00  1.3053410e-01 -1.4492030e-02  2.0251516e-02
   6.8279326e-01  7.3018718e-01 -4.3373829e-04 -2.4220083e-04
   4.8665679e-04]
 [ 4.1630340e+00 -4.3452549e+00 -5.0000000e+00  1.6191219e+00
  -1.6111701e+00  1.3063224e-01 -1.4488079e-02  2.0250553e-02
   6.8278646e-01  7.3019367e-01 -1.8597301e-04 -4.0521438e-05
   3.4015905e-04]
 [ 4.1695156e+00 -4.3517041e+00 -5.0000000e+00  1.6216277e+00
  -1.6134280e+00  1.3081470e-01 -1.4485129e-02  2.0249657e-02
   6.8278265e-01  7.3019725e-01 -6.6787819e-05 -2.3700634e-04
   4.9795629e-04]
 [ 4.1824937e+00 -4.3646159e+00 -5.0000000e+00  1.6228778e+00
  -1.6145520e+00  1.3091229e-01 -1.4481107e-02  2.0250142e-02
   6.8278170e-01  7.3019814e-01 -1.7578597e-05 -1.9620988e-04
   5.2916445e-04]
 [ 4.1824937e+00 -4.3646159e+00 -5.0000000e+00  1.6228778e+00
  -1.6145520e+00  1.3091229e-01 -1.4481107e-02  2.0250142e-02
   6.8278170e-01  7.3019814e-01 -1.7578597e-05 -1.9620988e-04
   5.2916445e-04]]
self.u_target_traj:[[0. 0. 0. 0.]
 [0. 0. 0. 0.]
 [0. 0. 0. 0.]
 [0. 0. 0. 0.]
 [0. 0. 0. 0.]
 [0. 0. 0. 0.]
 [0. 0. 0. 0.]
 [0. 0. 0. 0.]
 [0. 0. 0. 0.]
 [0. 0. 0. 0.]]
x0:[ 4.31997728e+00 -4.50127268e+00 -2.25706526e-01  1.64931417e+00
 -1.63800418e+00  1.32353857e-01 -1.44005036e-02  2.02556569e-02
  6.82788849e-01  7.30192959e-01 -3.24563414e-04 -1.43891550e-04
  4.64405632e-04]
self.motor_rpms:[0. 0. 0. 0.]
self.x_target_traj:[[ 4.22807455e+00 -4.40994883e+00 -5.00000000e+00  1.63293862e+00
  -1.62353837e+00  1.31488100e-01 -1.44529315e-02  2.02441532e-02
   6.82771385e-01  7.30208576e-01 -2.79158179e-04 -5.48833632e-05
   2.25161668e-04]
 [ 4.23460627e+00 -4.41644287e+00 -5.00000000e+00  1.63293862e+00
  -1.62353837e+00  1.31488100e-01 -1.44498879e-02  2.02433746e-02
   6.82770371e-01  7.30209649e-01 -1.63448392e-04 -1.19938457e-04
   2.52274796e-04]
 [ 4.24114323e+00 -4.42294168e+00 -5.00000000e+00  1.63545120e+00
  -1.62577844e+00  1.31630778e-01 -1.44430157e-02  2.02428699e-02
   6.82770133e-01  7.30210006e-01 -1.43929385e-04  4.51324158e-05
   3.39517836e-04]
 [ 4.25423193e+00 -4.43595219e+00 -5.00000000e+00  1.63670790e+00
  -1.62689793e+00  1.31700635e-01 -1.44379977e-02  2.02423632e-02
   6.82769775e-01  7.30210483e-01 -1.11577858e-04 -1.64799101e-04
   2.66669318e-04]
 [ 4.26078367e+00 -4.44246435e+00 -5.00000000e+00  1.63922691e+00
  -1.62913001e+00  1.31836593e-01 -1.44306961e-02  2.02433430e-02
   6.82770908e-01  7.30209529e-01 -1.11103116e-04 -1.60796626e-04
   1.67784747e-04]
 [ 4.27390242e+00 -4.45550156e+00 -5.00000000e+00  1.64049232e+00
  -1.63024557e+00  1.31905571e-01 -1.44275073e-02  2.02442631e-02
   6.82771385e-01  7.30209053e-01 -3.49196664e-04 -1.01189071e-04
   3.24006192e-04]
 [ 4.28046942e+00 -4.46202707e+00 -5.00000000e+00  1.64174914e+00
  -1.63135219e+00  1.31964549e-01 -1.44219911e-02  2.02471539e-02
   6.82773352e-01  7.30207205e-01  5.58805768e-05  3.82029102e-05
   4.01585829e-04]
 [ 4.29361868e+00 -4.47509098e+00 -5.00000000e+00  1.64426506e+00
  -1.63357401e+00  1.32085457e-01 -1.44138690e-02  2.02511847e-02
   6.82778299e-01  7.30202615e-01 -4.06718289e-04 -1.95595901e-04
   4.29520616e-04]
 [ 4.30020094e+00 -4.48162985e+00 -5.00000000e+00  1.64552295e+00
  -1.63468599e+00  1.32150963e-01 -1.44104492e-02  2.02523340e-02
   6.82780743e-01  7.30200410e-01 -2.56483792e-04 -1.49166270e-04
   2.34345905e-04]
 [ 4.30678797e+00 -4.48817301e+00 -5.00000000e+00  1.64805055e+00
  -1.63690209e+00  1.32274821e-01 -1.44030061e-02  2.02546604e-02
   6.82786226e-01  7.30195403e-01 -3.33780714e-04 -2.01875984e-04
   3.42952088e-04]
 [ 4.30678797e+00 -4.48817301e+00 -5.00000000e+00  1.64805055e+00
  -1.63690209e+00  1.32274821e-01 -1.44030061e-02  2.02546604e-02
   6.82786226e-01  7.30195403e-01 -3.33780714e-04 -2.01875984e-04
   3.42952088e-04]]
self.u_target_traj:[[0. 0. 0. 0.]
 [0. 0. 0. 0.]
 [0. 0. 0. 0.]
 [0. 0. 0. 0.]
 [0. 0. 0. 0.]
 [0. 0. 0. 0.]
 [0. 0. 0. 0.]
 [0. 0. 0. 0.]
 [0. 0. 0. 0.]
 [0. 0. 0. 0.]]
x0:[ 4.37293720e+00 -4.55384874e+00 -2.27657901e-01  1.65941644e+00
 -1.64685416e+00  1.32872403e-01 -1.43747041e-02  2.02774759e-02
  6.82813406e-01  7.30169952e-01 -2.70707824e-04 -4.22321609e-05
  1.74689572e-04]
self.motor_rpms:[0. 0. 0. 0.]
self.x_target_traj:[[ 4.3397994e+00 -4.5209556e+00 -5.0000000e+00  1.6543663e+00
  -1.6424502e+00  1.3261598e-01 -1.4387357e-02  2.0266090e-02
   6.8280333e-01  7.3017943e-01  3.1757518e-06 -1.2258167e-04
   3.5494147e-04]
 [ 4.3596668e+00 -4.5406780e+00 -5.0000000e+00  1.6568854e+00
  -1.6446501e+00  1.3274181e-01 -1.4381392e-02  2.0270858e-02
   6.8280733e-01  7.3017567e-01 -3.4455460e-04  9.8450400e-05
   3.6600186e-04]
 [ 4.3596668e+00 -4.5406780e+00 -5.0000000e+00  1.6581498e+00
  -1.6457545e+00  1.3280568e-01 -1.4378130e-02  2.0274652e-02
   6.8281072e-01  7.3017240e-01 -2.7070782e-04 -4.2232161e-05
   1.7468957e-04]
 [ 4.3729372e+00 -4.5538487e+00 -5.0000000e+00  1.6594164e+00
  -1.6468542e+00  1.3287240e-01 -1.4374704e-02  2.0277476e-02
   6.8281341e-01  7.3016995e-01 -2.7070782e-04 -4.2232161e-05
   1.7468957e-04]
 [ 4.3729372e+00 -4.5538487e+00 -5.0000000e+00  1.6594164e+00
  -1.6468542e+00  1.3287240e-01 -1.4374704e-02  2.0277476e-02
   6.8281341e-01  7.3016995e-01 -2.7070782e-04 -4.2232161e-05
   1.7468957e-04]
 [ 4.3729372e+00 -4.5538487e+00 -5.0000000e+00  1.6594164e+00
  -1.6468542e+00  1.3287240e-01 -1.4374704e-02  2.0277476e-02
   6.8281341e-01  7.3016995e-01 -2.7070782e-04 -4.2232161e-05
   1.7468957e-04]
 [ 4.3729372e+00 -4.5538487e+00 -5.0000000e+00  1.6594164e+00
  -1.6468542e+00  1.3287240e-01 -1.4374704e-02  2.0277476e-02
   6.8281341e-01  7.3016995e-01 -2.7070782e-04 -4.2232161e-05
   1.7468957e-04]
 [ 4.3729372e+00 -4.5538487e+00 -5.0000000e+00  1.6594164e+00
  -1.6468542e+00  1.3287240e-01 -1.4374704e-02  2.0277476e-02
   6.8281341e-01  7.3016995e-01 -2.7070782e-04 -4.2232161e-05
   1.7468957e-04]
 [ 4.3729372e+00 -4.5538487e+00 -5.0000000e+00  1.6594164e+00
  -1.6468542e+00  1.3287240e-01 -1.4374704e-02  2.0277476e-02
   6.8281341e-01  7.3016995e-01 -2.7070782e-04 -4.2232161e-05
   1.7468957e-04]
 [ 4.3729372e+00 -4.5538487e+00 -5.0000000e+00  1.6594164e+00
  -1.6468542e+00  1.3287240e-01 -1.4374704e-02  2.0277476e-02
   6.8281341e-01  7.3016995e-01 -2.7070782e-04 -4.2232161e-05
   1.7468957e-04]
 [ 4.3729372e+00 -4.5538487e+00 -5.0000000e+00  1.6594164e+00
  -1.6468542e+00  1.3287240e-01 -1.4374704e-02  2.0277476e-02
   6.8281341e-01  7.3016995e-01 -2.7070782e-04 -4.2232161e-05
   1.7468957e-04]]
self.u_target_traj:[[0. 0. 0. 0.]
 [0. 0. 0. 0.]
 [0. 0. 0. 0.]
 [0. 0. 0. 0.]
 [0. 0. 0. 0.]
 [0. 0. 0. 0.]
 [0. 0. 0. 0.]
 [0. 0. 0. 0.]
 [0. 0. 0. 0.]
 [0. 0. 0. 0.]]
