x0:[-4.00373200e-03 -2.79053324e-03 -2.27657901e-01 -2.94919461e-02
 -2.01725885e-02 -5.24244547e+00  7.83425383e-03  2.85498071e-02
  6.23336971e-01  7.81392694e-01  2.45283300e-04  3.66616878e-04
  2.61145586e-04]
self.motor_rpms:[150. 152. 150. 152.]
self.x_target_traj:[[-4.46471968e-04 -3.22708482e-04 -5.00000000e+00 -1.62403118e-02
  -1.13889435e-02 -2.89496756e+00  7.78670190e-03  2.85678785e-02
   6.23481452e-01  7.81277239e-01  1.97511283e-04  3.04839923e-04
   2.08223151e-04]
 [-2.42029573e-03 -1.70387293e-03 -5.00000000e+00 -2.28153225e-02
  -1.57649349e-02 -4.06873798e+00  7.83137698e-03  2.85603534e-02
   6.23426020e-01  7.81321287e-01  2.41801550e-04  2.34087696e-04
   2.46303796e-04]
 [-2.51334021e-03 -1.76808855e-03 -5.00000000e+00 -2.32611224e-02
  -1.60539057e-02 -4.14698124e+00  7.83233251e-03  2.85605304e-02
   6.23422980e-01  7.81323850e-01  2.81816174e-04  4.12558438e-05
   7.41527620e-05]
 [-2.60817655e-03 -1.83347892e-03 -5.00000000e+00 -2.37090625e-02
  -1.63475946e-02 -4.22523022e+00  7.83762336e-03  2.85610389e-02
   6.23410523e-01  7.81333566e-01  2.81816174e-04  4.12558438e-05
   7.41527620e-05]
 [-2.80323485e-03 -1.96777144e-03 -5.00000000e+00 -2.46060584e-02
  -1.69302300e-02 -4.38171721e+00  7.83976633e-03  2.85618119e-02
   6.23404920e-01  7.81338096e-01  6.13203156e-05  3.52538540e-04
   2.89448421e-04]
 [-2.80323485e-03 -1.96777144e-03 -5.00000000e+00 -2.46060584e-02
  -1.69302300e-02 -4.38171721e+00  7.83969276e-03  2.85614096e-02
   6.23397827e-01  7.81343639e-01  6.13203156e-05  3.52538540e-04
   2.89448421e-04]
 [-2.90343096e-03 -2.03667884e-03 -5.00000000e+00 -2.50490028e-02
  -1.72268301e-02 -4.45996237e+00  7.83960335e-03  2.85606757e-02
   6.23395741e-01  7.81345487e-01  9.19618760e-05  2.68093194e-04
   2.25275799e-04]
 [-3.00544896e-03 -2.10677669e-03 -5.00000000e+00 -2.59535108e-02
  -1.78173948e-02 -4.61645174e+00  7.83885177e-03  2.85566542e-02
   6.23382986e-01  7.81355619e-01  2.74214835e-04  2.40084366e-04
   3.15187208e-04]
 [-3.10926302e-03 -2.17804639e-03 -5.00000000e+00 -2.64072698e-02
  -1.81145817e-02 -4.69470310e+00  7.83881079e-03  2.85551064e-02
   6.23375297e-01  7.81361818e-01  1.55912887e-04  1.03600440e-04
   2.38811816e-04]
 [-3.32232262e-03 -2.32414668e-03 -5.00000000e+00 -2.68576536e-02
  -1.84104964e-02 -4.77294445e+00  7.83902127e-03  2.85549518e-02
   6.23372793e-01  7.81363845e-01  2.76060950e-04  7.32296612e-05
   2.02082083e-04]
 [-3.32232262e-03 -2.32414668e-03 -5.00000000e+00 -2.68576536e-02
  -1.84104964e-02 -4.77294445e+00  7.83902127e-03  2.85549518e-02
   6.23372793e-01  7.81363845e-01  2.76060950e-04  7.32296612e-05
   2.02082083e-04]]
self.u_target_traj:[[150. 152. 150. 152.]
 [150. 152. 150. 152.]
 [150. 152. 150. 152.]
 [150. 152. 150. 152.]
 [150. 152. 150. 152.]
 [150. 152. 150. 152.]
 [150. 152. 150. 152.]
 [150. 152. 150. 152.]
 [150. 152. 150. 152.]
 [150. 152. 150. 152.]]
