x0:[-2.23718723e-03 -3.26920440e-03 -2.27657901e-01 -2.01373491e-02
 -2.94964314e-02 -4.22462559e+00  7.98698422e-03  2.98528820e-02
  6.15736365e-01  7.87346125e-01 -6.96688221e-05 -7.25621358e-05
 -1.26225437e-04]
self.motor_rpms:[150. 152. 150. 152.]
self.x_target_traj:[[-9.00166378e-06 -1.35002319e-05 -5.00000000e+00 -6.84204325e-03
  -9.96205583e-03 -1.40826702e+00  7.94661697e-03  2.99720168e-02
   6.15636230e-01  7.87420273e-01  3.34171782e-05 -5.76553866e-05
  -2.68525269e-04]
 [-1.06662314e-03 -1.55442418e-03 -5.00000000e+00 -1.43281464e-02
  -2.09387802e-02 -2.97287750e+00  7.94959255e-03  2.99147069e-02
   6.15656555e-01  7.87406504e-01  1.52214008e-04 -9.86580271e-05
  -1.98720256e-04]
 [-1.12393568e-03 -1.63817930e-03 -5.00000000e+00 -1.46797197e-02
  -2.14760043e-02 -3.05111313e+00  7.95212016e-03  2.99126506e-02
   6.15665615e-01  7.87399352e-01  1.52644512e-04  1.07908854e-04
  -1.86591904e-04]
 [-1.18265452e-03 -1.72408333e-03 -5.00000000e+00 -1.46797197e-02
  -2.14760043e-02 -3.05111313e+00  7.95212016e-03  2.99126506e-02
   6.15665615e-01  7.87399352e-01  1.52644512e-04  1.07908854e-04
  -1.86591904e-04]
 [-1.24283449e-03 -1.81214279e-03 -5.00000000e+00 -1.53925456e-02
  -2.25516632e-02 -3.20758510e+00  7.95811974e-03  2.99083609e-02
   6.15678668e-01  7.87389398e-01  3.20599938e-04 -1.55882444e-05
  -2.31050595e-04]
 [-1.36740459e-03 -1.99472136e-03 -5.00000000e+00 -1.57499705e-02
  -2.30929852e-02 -3.28582454e+00  7.96009041e-03  2.99044438e-02
   6.15683317e-01  7.87385881e-01  1.47019091e-04 -4.68541402e-05
  -3.02859291e-04]
 [-1.43190031e-03 -2.08924944e-03 -5.00000000e+00 -1.64863672e-02
  -2.41612103e-02 -3.44228005e+00  7.96518195e-03  2.98953876e-02
   6.15696251e-01  7.87376046e-01  1.92605468e-04  2.99212988e-05
  -1.45652535e-04]
 [-1.56526372e-03 -2.28466769e-03 -5.00000000e+00 -1.68544911e-02
  -2.46933606e-02 -3.52051711e+00  7.96796381e-03  2.98907980e-02
   6.15703225e-01  7.87370741e-01  1.61979042e-04  1.07280910e-04
  -3.31057527e-04]
 [-1.63410034e-03 -2.38554715e-03 -5.00000000e+00 -1.75725035e-02
  -2.57402323e-02 -3.67699051e+00  7.97343254e-03  2.98821665e-02
   6.15714073e-01  7.87362456e-01  1.36375587e-04 -4.07556072e-05
  -3.81042744e-04]
 [-1.70439039e-03 -2.48850812e-03 -5.00000000e+00 -1.79345384e-02
  -2.62716170e-02 -3.75521898e+00  7.97575712e-03  2.98783816e-02
   6.15716934e-01  7.87360370e-01  1.46431310e-04 -1.30337430e-04
  -4.79425740e-04]
 [-1.70439039e-03 -2.48850812e-03 -5.00000000e+00 -1.79345384e-02
  -2.62716170e-02 -3.75521898e+00  7.97575712e-03  2.98783816e-02
   6.15716934e-01  7.87360370e-01  1.46431310e-04 -1.30337430e-04
  -4.79425740e-04]]
self.u_target_traj:[[150. 152. 150. 152.]
 [150. 152. 150. 152.]
 [150. 152. 150. 152.]
 [150. 152. 150. 152.]
 [150. 152. 150. 152.]
 [150. 152. 150. 152.]
 [150. 152. 150. 152.]
 [150. 152. 150. 152.]
 [150. 152. 150. 152.]
 [150. 152. 150. 152.]]
x0:[-3.95097166e-01 -5.55245340e-01 -2.26356984e-01 -2.71162063e-01
 -3.80148947e-01 -5.69465027e+01  8.69694073e-03  2.92858835e-02
  6.16700232e-01  7.86605060e-01  1.41492143e-04 -3.34553886e-04
 -1.33052614e-04]
self.motor_rpms:[150. 152. 150. 152.]
self.x_target_traj:[[-3.8006496e-01 -5.3413910e-01 -5.0000000e+00 -2.6570809e-01
  -3.7364045e-01 -5.5929665e+01  8.6444113e-03  2.9260155e-02
   6.1670637e-01  7.8660178e-01  9.2908653e-05 -2.2756169e-04
  -2.7431615e-04]
 [-3.8219231e-01 -5.3713024e-01 -5.0000000e+00 -2.6612610e-01
  -3.7413409e-01 -5.6007893e+01  8.6497087e-03  2.9264469e-02
   6.1670357e-01  7.8660387e-01  3.7353081e-04 -1.6953982e-04
  -2.1225029e-04]
 [-3.8325846e-01 -5.3862876e-01 -5.0000000e+00 -2.6653853e-01
  -3.7463737e-01 -5.6086109e+01  8.6521693e-03  2.9267218e-02
   6.1670148e-01  7.8660530e-01  1.0215727e-04 -1.6133836e-04
  -1.6357824e-04]
 [-3.8432634e-01 -5.4012936e-01 -5.0000000e+00 -2.6696745e-01
  -3.7515187e-01 -5.6164314e+01  8.6563071e-03  2.9269457e-02
   6.1669832e-01  7.8660768e-01  5.8161706e-05 -3.6444562e-04
  -2.1869133e-04]
 [-3.8539588e-01 -5.4163200e-01 -5.0000000e+00 -2.6738742e-01
  -3.7565371e-01 -5.6242535e+01  8.6629028e-03  2.9273978e-02
   6.1669439e-01  7.8661060e-01 -3.4666446e-06 -2.5744666e-04
   5.7840109e-05]
 [-3.8646713e-01 -5.4313660e-01 -5.0000000e+00 -2.6822051e-01
  -3.7666002e-01 -5.6398960e+01  8.6645903e-03  2.9276207e-02
   6.1669540e-01  7.8660953e-01 -4.0639134e-06 -1.5204307e-04
   8.1171806e-05]
 [-3.8861457e-01 -5.4615182e-01 -5.0000000e+00 -2.6863855e-01
  -3.7715578e-01 -5.6477180e+01  8.6679338e-03  2.9279798e-02
   6.1669475e-01  7.8660989e-01  1.9666055e-04 -1.0837428e-04
  -3.0513309e-04]
 [-3.8969079e-01 -5.4766238e-01 -5.0000000e+00 -2.6948068e-01
  -3.7813953e-01 -5.6633606e+01  8.6752549e-03  2.9284729e-02
   6.1669409e-01  7.8661019e-01  3.5261191e-04 -2.1236087e-04
  -1.8627328e-04]
 [-3.9076871e-01 -5.4917496e-01 -5.0000000e+00 -2.6989523e-01
  -3.7864718e-01 -5.6711823e+01  8.6799068e-03  2.9285721e-02
   6.1669445e-01  7.8660983e-01  1.6500163e-04 -3.8981880e-04
  -2.9896008e-05]
 [-3.9292955e-01 -5.5220616e-01 -5.0000000e+00 -2.7031100e-01
  -3.7914133e-01 -5.6790043e+01  8.6856661e-03  2.9285001e-02
   6.1669534e-01  7.8660905e-01  1.6590315e-04 -3.5960204e-04
  -1.8348373e-04]
 [-3.9292955e-01 -5.5220616e-01 -5.0000000e+00 -2.7031100e-01
  -3.7914133e-01 -5.6790043e+01  8.6856661e-03  2.9285001e-02
   6.1669534e-01  7.8660905e-01  1.6590315e-04 -3.5960204e-04
  -1.8348373e-04]]
self.u_target_traj:[[150. 152. 150. 152.]
 [150. 152. 150. 152.]
 [150. 152. 150. 152.]
 [150. 152. 150. 152.]
 [150. 152. 150. 152.]
 [150. 152. 150. 152.]
 [150. 152. 150. 152.]
 [150. 152. 150. 152.]
 [150. 152. 150. 152.]
 [150. 152. 150. 152.]]
x0:[-4.18267459e-01 -5.87640107e-01 -2.28958817e-01 -2.80095130e-01
 -3.90635133e-01 -5.85893478e+01  8.74798093e-03  2.92877741e-02
  6.16740942e-01  7.86572516e-01  1.03001075e-05 -2.74419785e-04
 -2.40552879e-04]
self.motor_rpms:[150. 152. 150. 152.]
self.x_target_traj:[[-4.03835565e-01 -5.67482471e-01 -5.00000000e+00 -2.74988383e-01
  -3.84642929e-01 -5.76505508e+01  8.73631146e-03  2.92893331e-02
   6.16737306e-01  7.86575496e-01  1.54857436e-04 -2.24851305e-04
  -2.34099862e-05]
 [-4.04935509e-01 -5.69021046e-01 -5.00000000e+00 -2.74988383e-01
  -3.84642929e-01 -5.76505508e+01  8.73631146e-03  2.92893331e-02
   6.16737306e-01  7.86575496e-01  1.54857436e-04 -2.24851305e-04
  -2.34099862e-05]
 [-4.06037182e-01 -5.70561588e-01 -5.00000000e+00 -2.75836438e-01
  -3.85655135e-01 -5.78070068e+01  8.73939320e-03  2.92900745e-02
   6.16743147e-01  7.86570907e-01  9.38190205e-05 -3.39547405e-04
  -1.89209153e-04]
 [-4.07140523e-01 -5.72104216e-01 -5.00000000e+00 -2.76259661e-01
  -3.86153907e-01 -5.78852386e+01  8.74059740e-03  2.92904023e-02
   6.16746545e-01  7.86568105e-01  1.30257715e-04 -3.24338675e-04
  -9.82942001e-05]
 [-4.08245564e-01 -5.73648810e-01 -5.00000000e+00 -2.76259661e-01
  -3.86153907e-01 -5.78852386e+01  8.74059740e-03  2.92904023e-02
   6.16746545e-01  7.86568105e-01  1.30257715e-04 -3.24338675e-04
  -9.82942001e-05]
 [-4.09352303e-01 -5.75195432e-01 -5.00000000e+00 -2.77113140e-01
  -3.87160093e-01 -5.80417137e+01  8.74331966e-03  2.92897094e-02
   6.16748452e-01  7.86566556e-01  9.11206298e-05 -4.30461252e-04
  -7.95694650e-05]
 [-4.11570877e-01 -5.78294694e-01 -5.00000000e+00 -2.77533233e-01
  -3.87654364e-01 -5.81199455e+01  8.74393340e-03  2.92894542e-02
   6.16748691e-01  7.86566377e-01  1.34195725e-05 -2.56781699e-04
  -1.56689144e-04]
 [-4.12682682e-01 -5.79847336e-01 -5.00000000e+00 -2.78381914e-01
  -3.88639450e-01 -5.82764206e+01  8.74541141e-03  2.92890314e-02
   6.16749406e-01  7.86565900e-01 -1.50140550e-05 -5.01424773e-04
  -2.88934272e-04]
 [-4.14911449e-01 -5.82958460e-01 -5.00000000e+00 -2.78810322e-01
  -3.89142722e-01 -5.83546524e+01  8.74595810e-03  2.92887986e-02
   6.16748512e-01  7.86566615e-01  1.80957635e-04 -3.29189003e-04
  -2.84753565e-04]
 [-4.16028410e-01 -5.84517002e-01 -5.00000000e+00 -2.79238820e-01
  -3.89642835e-01 -5.84328842e+01  8.74722935e-03  2.92889904e-02
   6.16748393e-01  7.86566556e-01  3.14441771e-04 -3.46112298e-04
   3.60704144e-06]
 [-4.16028410e-01 -5.84517002e-01 -5.00000000e+00 -2.79238820e-01
  -3.89642835e-01 -5.84328842e+01  8.74722935e-03  2.92889904e-02
   6.16748393e-01  7.86566556e-01  3.14441771e-04 -3.46112298e-04
   3.60704144e-06]]
self.u_target_traj:[[150. 152. 150. 152.]
 [150. 152. 150. 152.]
 [150. 152. 150. 152.]
 [150. 152. 150. 152.]
 [150. 152. 150. 152.]
 [150. 152. 150. 152.]
 [150. 152. 150. 152.]
 [150. 152. 150. 152.]
 [150. 152. 150. 152.]
 [150. 152. 150. 152.]]
x0:[-4.39889044e-01 -6.17711484e-01 -2.27007442e-01 -2.88501531e-01
 -4.00240242e-01 -6.00757332e+01  8.73458479e-03  2.92606000e-02
  6.16623878e-01  7.86665559e-01  3.71182017e-04 -3.56538920e-04
 -5.08131052e-05]
self.motor_rpms:[150. 152. 150. 152.]
self.x_target_traj:[[-4.2615879e-01 -5.9863394e-01 -5.0000000e+00 -2.8358501e-01
  -3.9466217e-01 -5.9215157e+01  8.7516615e-03  2.9280432e-02
   6.1669165e-01  7.8661144e-01  1.7632663e-04 -2.5836658e-04
  -1.2317198e-04]
 [-4.2842928e-01 -6.0179323e-01 -5.0000000e+00 -2.8403726e-01
  -3.9516842e-01 -5.9293388e+01  8.7532615e-03  2.9279457e-02
   6.1668479e-01  7.8661680e-01  3.4943959e-04 -4.5095081e-04
  -2.0761546e-04]
 [-4.2956725e-01 -6.0337597e-01 -5.0000000e+00 -2.8449181e-01
  -3.9568770e-01 -5.9371620e+01  8.7540001e-03  2.9278012e-02
   6.1668056e-01  7.8662014e-01  1.5822068e-04 -3.7688273e-04
  -6.8911759e-06]
 [-4.2956725e-01 -6.0337597e-01 -5.0000000e+00 -2.8449181e-01
  -3.9568770e-01 -5.9371620e+01  8.7540001e-03  2.9278012e-02
   6.1668056e-01  7.8662014e-01  1.5822068e-04 -3.7688273e-04
  -6.8911759e-06]
 [-4.3070698e-01 -6.0496074e-01 -5.0000000e+00 -2.8493345e-01
  -3.9619532e-01 -5.9449848e+01  8.7548178e-03  2.9276505e-02
   6.1667514e-01  7.8662437e-01  2.0637739e-04 -3.8204924e-04
   3.2890617e-05]
 [-4.3184847e-01 -6.0654753e-01 -5.0000000e+00 -2.8537166e-01
  -3.9669466e-01 -5.9528088e+01  8.7558152e-03  2.9276202e-02
   6.1667091e-01  7.8662783e-01 -3.1901262e-05 -2.8904923e-04
   2.3202447e-06]
 [-4.3299174e-01 -6.0813630e-01 -5.0000000e+00 -2.8626880e-01
  -3.9770082e-01 -5.9684544e+01  8.7496284e-03  2.9271925e-02
   6.1665845e-01  7.8663784e-01  1.1529427e-04 -1.5314366e-04
  -4.3241016e-06]
 [-4.3413681e-01 -6.0972708e-01 -5.0000000e+00 -2.8671375e-01
  -3.9820981e-01 -5.9762783e+01  8.7450519e-03  2.9270099e-02
   6.1665010e-01  7.8664434e-01  1.6457672e-04 -1.9903597e-04
  -4.4446060e-05]
 [-4.3643233e-01 -6.1291474e-01 -5.0000000e+00 -2.8716785e-01
  -3.9870715e-01 -5.9841019e+01  8.7423092e-03  2.9268047e-02
   6.1664504e-01  7.8664857e-01  5.7354482e-05 -3.8185134e-04
  -2.2340479e-05]
 [-4.3758279e-01 -6.1451161e-01 -5.0000000e+00 -2.8761548e-01
  -3.9921159e-01 -5.9919250e+01  8.7364931e-03  2.9262971e-02
   6.1663145e-01  7.8665948e-01  1.5678271e-04 -4.6052993e-04
  -2.3360125e-04]
 [-4.3758279e-01 -6.1451161e-01 -5.0000000e+00 -2.8761548e-01
  -3.9921159e-01 -5.9919250e+01  8.7364931e-03  2.9262971e-02
   6.1663145e-01  7.8665948e-01  1.5678271e-04 -4.6052993e-04
  -2.3360125e-04]]
self.u_target_traj:[[150. 152. 150. 152.]
 [150. 152. 150. 152.]
 [150. 152. 150. 152.]
 [150. 152. 150. 152.]
 [150. 152. 150. 152.]
 [150. 152. 150. 152.]
 [150. 152. 150. 152.]
 [150. 152. 150. 152.]
 [150. 152. 150. 152.]
 [150. 152. 150. 152.]]
x0:[-4.66912925e-01 -6.55095279e-01 -2.26356984e-01 -2.98625916e-01
 -4.11993951e-01 -6.18751602e+01  8.72054044e-03  2.92098988e-02
  6.16796017e-01  7.86532581e-01  1.02484628e-04 -3.29699367e-04
 -6.63562387e-05]
self.motor_rpms:[150. 152. 150. 152.]
self.x_target_traj:[[-4.5035294e-01 -6.3221115e-01 -5.0000000e+00 -2.9283965e-01
  -4.0529215e-01 -6.0858109e+01  8.7142577e-03  2.9234670e-02
   6.1665171e-01  7.8664482e-01 -3.4038530e-05 -3.7035602e-04
  -1.6943485e-04]
 [-4.5152429e-01 -6.3383234e-01 -5.0000000e+00 -2.9326665e-01
  -4.0580577e-01 -6.0936340e+01  8.7136263e-03  2.9233107e-02
   6.1666030e-01  7.8663826e-01  2.9021554e-05 -2.0346534e-04
  -1.4216377e-05]
 [-4.5387217e-01 -6.3708085e-01 -5.0000000e+00 -2.9370138e-01
  -4.0632236e-01 -6.1014580e+01  8.7137455e-03  2.9230369e-02
   6.1667258e-01  7.8662866e-01  1.8359898e-04 -3.9674505e-04
  -1.9030357e-04]
 [-4.5504877e-01 -6.3870817e-01 -5.0000000e+00 -2.9459241e-01
  -4.0735644e-01 -6.1171062e+01  8.7161250e-03  2.9226642e-02
   6.1669499e-01  7.8661126e-01  3.1396633e-04 -4.7209708e-04
  -7.0490263e-05]
 [-4.5622715e-01 -6.4033759e-01 -5.0000000e+00 -2.9503849e-01
  -4.0787241e-01 -6.1249302e+01  8.7168273e-03  2.9224543e-02
   6.1670387e-01  7.8660434e-01  3.8410333e-05 -3.5666418e-04
  -1.6038498e-04]
 [-4.5858923e-01 -6.4360261e-01 -5.0000000e+00 -2.9592973e-01
  -4.0890104e-01 -6.1405754e+01  8.7174429e-03  2.9219806e-02
   6.1672693e-01  7.8658634e-01  1.9111612e-06 -3.5792985e-04
  -1.1713465e-04]
 [-4.5977294e-01 -6.4523822e-01 -5.0000000e+00 -2.9637542e-01
  -4.0942594e-01 -6.1483990e+01  8.7192245e-03  2.9217180e-02
   6.1674088e-01  7.8657562e-01  2.6449401e-04 -4.4352910e-04
   1.0628108e-05]
 [-4.6214575e-01 -6.4851570e-01 -5.0000000e+00 -2.9682690e-01
  -4.0994340e-01 -6.1562218e+01  8.7195588e-03  2.9216256e-02
   6.1675048e-01  7.8656811e-01  1.9761061e-04 -4.5013428e-04
  -4.5681663e-05]
 [-4.6333483e-01 -6.5015751e-01 -5.0000000e+00 -2.9726925e-01
  -4.1045755e-01 -6.1640457e+01  8.7199397e-03  2.9214198e-02
   6.1676461e-01  7.8655708e-01  1.8426476e-04 -3.6593084e-04
  -1.7821250e-04]
 [-4.6452570e-01 -6.5180141e-01 -5.0000000e+00 -2.9772094e-01
  -4.1097078e-01 -6.1718693e+01  8.7199751e-03  2.9213537e-02
   6.1677349e-01  7.8655010e-01 -6.2849693e-05 -5.2889995e-04
  -1.7013212e-04]
 [-4.6452570e-01 -6.5180141e-01 -5.0000000e+00 -2.9772094e-01
  -4.1097078e-01 -6.1718693e+01  8.7199751e-03  2.9213537e-02
   6.1677349e-01  7.8655010e-01 -6.2849693e-05 -5.2889995e-04
  -1.7013212e-04]]
self.u_target_traj:[[150. 152. 150. 152.]
 [150. 152. 150. 152.]
 [150. 152. 150. 152.]
 [150. 152. 150. 152.]
 [150. 152. 150. 152.]
 [150. 152. 150. 152.]
 [150. 152. 150. 152.]
 [150. 152. 150. 152.]
 [150. 152. 150. 152.]
 [150. 152. 150. 152.]]
x0:[-4.92419869e-01 -6.90168202e-01 -2.27657901e-01 -3.08185101e-01
 -4.22528505e-01 -6.35182495e+01  8.78473930e-03  2.92104371e-02
  6.16943538e-01  7.86416173e-01  7.48386665e-05 -5.08586178e-04
  1.56113529e-05]
self.motor_rpms:[150. 152. 150. 152.]
self.x_target_traj:[[-4.76535112e-01 -6.68352365e-01 -5.00000000e+00 -3.02755177e-01
  -4.16554719e-01 -6.25793381e+01  8.72908626e-03  2.92057097e-02
   6.16872609e-01  7.86472499e-01  1.80343894e-04 -3.14380508e-04
   4.13100643e-05]
 [-4.78958964e-01 -6.71686828e-01 -5.00000000e+00 -3.03207248e-01
  -4.17052954e-01 -6.26575890e+01  8.73305649e-03  2.92059612e-02
   6.16878211e-01  7.86468089e-01  2.80784821e-04 -4.44659730e-04
  -1.04377570e-04]
 [-4.78958964e-01 -6.71686828e-01 -5.00000000e+00 -3.03663433e-01
  -4.17546302e-01 -6.27358284e+01  8.73872358e-03  2.92071402e-02
   6.16885066e-01  7.86462724e-01  1.90163410e-04 -2.73474958e-04
  -1.22697063e-04]
 [-4.81390089e-01 -6.75029159e-01 -5.00000000e+00 -3.04116011e-01
  -4.18033004e-01 -6.28140678e+01  8.74220021e-03  2.92075947e-02
   6.16890907e-01  7.86458075e-01  7.83179712e-05 -2.94175697e-04
   1.74926594e-04]
 [-4.82608378e-01 -6.76703274e-01 -5.00000000e+00 -3.05030257e-01
  -4.19023722e-01 -6.29705429e+01  8.75180587e-03  2.92097013e-02
   6.16902411e-01  7.86448836e-01  2.38537934e-04 -2.26665521e-04
  -1.38660631e-04]
 [-4.83828485e-01 -6.78379357e-01 -5.00000000e+00 -3.05487186e-01
  -4.19520915e-01 -6.30487862e+01  8.75699427e-03  2.92106327e-02
   6.16909385e-01  7.86443174e-01  1.84093049e-04 -3.54111195e-04
  -1.16277166e-04]
 [-4.86274183e-01 -6.81737602e-01 -5.00000000e+00 -3.05936903e-01
  -4.20027167e-01 -6.31270332e+01  8.76066927e-03  2.92109698e-02
   6.16914868e-01  7.86438823e-01  1.10139168e-04 -4.01926460e-04
   1.27090723e-04]
 [-4.87499744e-01 -6.83419704e-01 -5.00000000e+00 -3.06387275e-01
  -4.20530677e-01 -6.32052765e+01  8.76585674e-03  2.92112306e-02
   6.16921961e-01  7.86433280e-01  5.45905496e-05 -2.94420635e-04
  -9.64332139e-05]
 [-4.88727063e-01 -6.85103834e-01 -5.00000000e+00 -3.06830555e-01
  -4.21033412e-01 -6.32835159e+01  8.76924302e-03  2.92112939e-02
   6.16926491e-01  7.86429644e-01  9.31199465e-05 -3.68372304e-04
  -1.85466779e-05]
 [-4.89956170e-01 -6.86789989e-01 -5.00000000e+00 -3.07736307e-01
  -4.22030240e-01 -6.34400139e+01  8.77909455e-03  2.92098057e-02
   6.16937637e-01  7.86420822e-01  1.23060338e-04 -5.58235217e-04
  -1.28395302e-04]
 [-4.89956170e-01 -6.86789989e-01 -5.00000000e+00 -3.07736307e-01
  -4.22030240e-01 -6.34400139e+01  8.77909455e-03  2.92098057e-02
   6.16937637e-01  7.86420822e-01  1.23060338e-04 -5.58235217e-04
  -1.28395302e-04]]
self.u_target_traj:[[150. 152. 150. 152.]
 [150. 152. 150. 152.]
 [150. 152. 150. 152.]
 [150. 152. 150. 152.]
 [150. 152. 150. 152.]
 [150. 152. 150. 152.]
 [150. 152. 150. 152.]
 [150. 152. 150. 152.]
 [150. 152. 150. 152.]
 [150. 152. 150. 152.]]
x0:[-5.16187072e-01 -7.22658515e-01 -2.27007442e-01 -3.16814780e-01
 -4.31971043e-01 -6.50046921e+01  8.84390436e-03  2.92168409e-02
  6.16980672e-01  7.86386132e-01  1.17599411e-04 -5.31092985e-04
 -1.30965782e-05]
self.motor_rpms:[0. 0. 0. 0.]
self.x_target_traj:[[-5.02347171e-01 -7.03760803e-01 -5.00000000e+00 -3.12271655e-01
  -4.27010417e-01 -6.42224350e+01  8.81999638e-03  2.92187799e-02
   6.16978526e-01  7.86387980e-01  5.54506260e-05 -3.72987706e-04
  -1.16973824e-05]
 [-5.04847169e-01 -7.07178891e-01 -5.00000000e+00 -3.12727779e-01
  -4.27513838e-01 -6.43006668e+01  8.82433634e-03  2.92197522e-02
   6.16980433e-01  7.86386371e-01  1.28670741e-04 -3.32305906e-04
   7.40673568e-05]
 [-5.06099939e-01 -7.08890915e-01 -5.00000000e+00 -3.13185364e-01
  -4.27999318e-01 -6.43788910e+01  8.82671587e-03  2.92201471e-02
   6.16980910e-01  7.86386073e-01 -4.99422604e-05 -2.41592992e-04
  -1.49456348e-04]
 [-5.07354498e-01 -7.10604906e-01 -5.00000000e+00 -3.13641101e-01
  -4.28504080e-01 -6.44571228e+01  8.82932357e-03  2.92203762e-02
   6.16980493e-01  7.86386251e-01  8.84845213e-05 -2.61524925e-04
  -1.02974096e-04]
 [-5.07354498e-01 -7.10604906e-01 -5.00000000e+00 -3.14083755e-01
  -4.28999305e-01 -6.45353470e+01  8.83147772e-03  2.92202681e-02
   6.16980672e-01  7.86386132e-01  2.05223711e-04 -4.01383033e-04
   1.07937813e-04]
 [-5.09868979e-01 -7.14038908e-01 -5.00000000e+00 -3.14531446e-01
  -4.29500252e-01 -6.46135788e+01  8.83466285e-03  2.92195231e-02
   6.16981447e-01  7.86385596e-01  2.83360976e-04 -4.01511090e-04
  -4.37167764e-05]
 [-5.09868979e-01 -7.14038908e-01 -5.00000000e+00 -3.14531446e-01
  -4.29500252e-01 -6.46135788e+01  8.83466285e-03  2.92195231e-02
   6.16981447e-01  7.86385596e-01  2.83360976e-04 -4.01511090e-04
  -4.37167764e-05]
 [-5.09868979e-01 -7.14038908e-01 -5.00000000e+00 -3.14998567e-01
  -4.29989308e-01 -6.46918106e+01  8.83712713e-03  2.92189941e-02
   6.16981387e-01  7.86385536e-01  2.28793739e-04 -5.41476416e-04
  -1.67403836e-04]
 [-5.12390733e-01 -7.17480779e-01 -5.00000000e+00 -3.15449297e-01
  -4.30477440e-01 -6.47700348e+01  8.84036440e-03  2.92185061e-02
   6.16982162e-01  7.86385000e-01  3.42582265e-04 -3.03187175e-04
  -2.70577439e-05]
 [-5.13654351e-01 -7.19204724e-01 -5.00000000e+00 -3.16365391e-01
  -4.31482136e-01 -6.49264755e+01  8.84273648e-03  2.92180013e-02
   6.16980731e-01  7.86386013e-01 -4.96401626e-05 -2.85745366e-04
  -2.50332436e-04]
 [-5.13654351e-01 -7.19204724e-01 -5.00000000e+00 -3.16365391e-01
  -4.31482136e-01 -6.49264755e+01  8.84273648e-03  2.92180013e-02
   6.16980731e-01  7.86386013e-01 -4.96401626e-05 -2.85745366e-04
  -2.50332436e-04]]
self.u_target_traj:[[150. 152. 150. 152.]
 [150. 152. 150. 152.]
 [  0.   0.   0.   0.]
 [  0.   0.   0.   0.]
 [  0.   0.   0.   0.]
 [  0.   0.   0.   0.]
 [  0.   0.   0.   0.]
 [  0.   0.   0.   0.]
 [  0.   0.   0.   0.]
 [  0.   0.   0.   0.]]
x0:[-5.43220997e-01 -7.59404778e-01 -2.26356984e-01 -3.26360762e-01
 -4.42431927e-01 -6.66472244e+01  8.84863362e-03  2.91804001e-02
  6.16960943e-01  7.86402881e-01  2.72635778e-04 -5.11331949e-04
  1.24891056e-04]
self.motor_rpms:[150. 152. 150. 152.]
self.x_target_traj:[[-5.26390672e-01 -7.36553311e-01 -5.00000000e+00 -3.20468545e-01
  -4.35952514e-01 -6.56304550e+01  8.85150209e-03  2.92090382e-02
   6.16984963e-01  7.86382973e-01  8.22381407e-05 -5.27859898e-04
   1.20418495e-04]
 [-5.26390672e-01 -7.36553311e-01 -5.00000000e+00 -3.20468545e-01
  -4.35952514e-01 -6.56304550e+01  8.85150209e-03  2.92090382e-02
   6.16984963e-01  7.86382973e-01  8.22381407e-05 -5.27859898e-04
   1.20418495e-04]
 [-5.27674377e-01 -7.38299131e-01 -5.00000000e+00 -3.21390867e-01
  -4.36953574e-01 -6.57868729e+01  8.84936657e-03  2.92063840e-02
   6.16981626e-01  7.86385655e-01  8.52629601e-05 -2.89096963e-04
   9.37775185e-05]
 [-5.28959930e-01 -7.40046918e-01 -5.00000000e+00 -3.21845978e-01
  -4.37456667e-01 -6.58650818e+01  8.84942897e-03  2.92054620e-02
   6.16979420e-01  7.86387503e-01  3.79414676e-04 -2.59335153e-04
  -1.26608560e-04]
 [-5.31536520e-01 -7.43548512e-01 -5.00000000e+00 -3.22300524e-01
  -4.37952518e-01 -6.59432983e+01  8.84895865e-03  2.92048510e-02
   6.16977274e-01  7.86389172e-01  2.65299255e-04 -3.57792014e-04
  -2.89977848e-04]
 [-5.32827556e-01 -7.45302320e-01 -5.00000000e+00 -3.23213249e-01
  -4.38960552e-01 -6.60997314e+01  8.84859357e-03  2.92024966e-02
   6.16973400e-01  7.86392212e-01  2.55792431e-04 -3.71067086e-04
   5.26509539e-05]
 [-5.35415053e-01 -7.48816013e-01 -5.00000000e+00 -3.23673218e-01
  -4.39458489e-01 -6.61779404e+01  8.84774607e-03  2.92013139e-02
   6.16971195e-01  7.86394119e-01  1.43597630e-04 -2.65078852e-04
  -7.42050761e-05]
 [-5.36711574e-01 -7.50575840e-01 -5.00000000e+00 -3.24583530e-01
  -4.40461397e-01 -6.63343658e+01  8.84555466e-03  2.91992892e-02
   6.16969645e-01  7.86395371e-01  2.01743038e-04 -3.57961049e-04
  -4.96428693e-05]
 [-5.39309978e-01 -7.54101515e-01 -5.00000000e+00 -3.25028062e-01
  -4.40958023e-01 -6.64125900e+01  8.84560961e-03  2.91968081e-02
   6.16967916e-01  7.86396801e-01  9.39089223e-05 -4.06247331e-04
  -6.74831681e-05]
 [-5.40611863e-01 -7.55867302e-01 -5.00000000e+00 -3.25916469e-01
  -4.41944540e-01 -6.65690155e+01  8.84667318e-03  2.91866194e-02
   6.16963267e-01  7.86400855e-01  1.46978244e-04 -3.27972928e-04
   1.74448272e-04]
 [-5.40611863e-01 -7.55867302e-01 -5.00000000e+00 -3.25916469e-01
  -4.41944540e-01 -6.65690155e+01  8.84667318e-03  2.91866194e-02
   6.16963267e-01  7.86400855e-01  1.46978244e-04 -3.27972928e-04
   1.74448272e-04]]
self.u_target_traj:[[150. 152. 150. 152.]
 [150. 152. 150. 152.]
 [150. 152. 150. 152.]
 [150. 152. 150. 152.]
 [150. 152. 150. 152.]
 [150. 152. 150. 152.]
 [150. 152. 150. 152.]
 [150. 152. 150. 152.]
 [150. 152. 150. 152.]
 [150. 152. 150. 152.]]
x0:[-5.75071692e-01 -8.02475452e-01 -2.28308359e-01 -3.36721659e-01
 -4.54473317e-01 -6.85244522e+01  8.92796926e-03  2.91078873e-02
  6.16930723e-01  7.86428332e-01  1.28961576e-04 -3.80963320e-04
 -3.21461528e-04]
self.motor_rpms:[150. 152. 150. 152.]
self.x_target_traj:[[-5.5637127e-01 -7.7721047e-01 -5.0000000e+00 -3.3071342e-01
  -4.4738370e-01 -6.7429375e+01  8.8613220e-03  2.9137135e-02
   6.1694896e-01  7.8641379e-01  1.6373530e-04 -3.2839645e-04
  -1.3026875e-07]
 [-5.5769587e-01 -7.7900201e-01 -5.0000000e+00 -3.3114988e-01
  -4.4787985e-01 -6.7507591e+01  8.8649690e-03  2.9135130e-02
   6.1694753e-01  7.8641498e-01  9.3020324e-05 -1.2371619e-04
  -3.0933501e-05]
 [-5.6035024e-01 -7.8259104e-01 -5.0000000e+00 -3.3201391e-01
  -4.4888154e-01 -6.7664017e+01  8.8727074e-03  2.9131269e-02
   6.1694402e-01  7.8641760e-01  1.7700699e-04 -3.2263575e-04
  -9.1413705e-05]
 [-5.6168002e-01 -7.8438860e-01 -5.0000000e+00 -3.3287188e-01
  -4.4989437e-01 -6.7820457e+01  8.8814097e-03  2.9125080e-02
   6.1694247e-01  7.8641903e-01  4.5346504e-05 -3.9378554e-04
   2.0908503e-04]
 [-5.6434470e-01 -7.8798974e-01 -5.0000000e+00 -3.3329010e-01
  -4.5039392e-01 -6.7898682e+01  8.8866139e-03  2.9122263e-02
   6.1694020e-01  7.8642082e-01  1.8279260e-04 -4.7364086e-04
  -1.9334839e-04]
 [-5.6567955e-01 -7.8979331e-01 -5.0000000e+00 -3.3414736e-01
  -4.5140713e-01 -6.8055130e+01  8.8961432e-03  2.9117687e-02
   6.1693686e-01  7.8642350e-01  1.7016724e-04 -4.5905716e-04
  -9.4136572e-05]
 [-5.6835443e-01 -7.9340655e-01 -5.0000000e+00 -3.3457074e-01
  -4.5191005e-01 -6.8133354e+01  8.9000249e-03  2.9115312e-02
   6.1693543e-01  7.8642464e-01  1.2133544e-04 -5.5717234e-04
  -7.1273622e-05]
 [-5.6969446e-01 -7.9521620e-01 -5.0000000e+00 -3.3500367e-01
  -4.5241868e-01 -6.8211578e+01  8.9053819e-03  2.9113166e-02
   6.1693448e-01  7.8642547e-01  2.3564830e-04 -4.2181369e-04
   8.5267238e-05]
 [-5.7103622e-01 -7.9702795e-01 -5.0000000e+00 -3.3543575e-01
  -4.5293063e-01 -6.8289810e+01  8.9143198e-03  2.9110951e-02
   6.1693281e-01  7.8642672e-01  2.5711925e-04 -3.0033546e-04
   1.6083362e-04]
 [-5.7237965e-01 -7.9884171e-01 -5.0000000e+00 -3.3629581e-01
  -4.5395669e-01 -6.8446236e+01  8.9198984e-03  2.9109921e-02
   6.1693180e-01  7.8642750e-01  9.5527561e-05 -1.8320722e-04
   1.6689979e-04]
 [-5.7237965e-01 -7.9884171e-01 -5.0000000e+00 -3.3629581e-01
  -4.5395669e-01 -6.8446236e+01  8.9198984e-03  2.9109921e-02
   6.1693180e-01  7.8642750e-01  9.5527561e-05 -1.8320722e-04
   1.6689979e-04]]
self.u_target_traj:[[150. 152. 150. 152.]
 [150. 152. 150. 152.]
 [150. 152. 150. 152.]
 [150. 152. 150. 152.]
 [150. 152. 150. 152.]
 [150. 152. 150. 152.]
 [150. 152. 150. 152.]
 [150. 152. 150. 152.]
 [150. 152. 150. 152.]
 [150. 152. 150. 152.]]
x0:[-6.03750348e-01 -8.41125846e-01 -2.27657901e-01 -3.45676422e-01
 -4.65260655e-01 -7.01670837e+01  9.06015653e-03  2.90424936e-02
  6.16972566e-01  7.86396444e-01  3.14793375e-04 -3.44088068e-04
 -1.00504403e-04]
self.motor_rpms:[150. 152. 150. 152.]
self.x_target_traj:[[-5.8590806e-01 -8.1709242e-01 -5.0000000e+00 -3.4055710e-01
  -4.5910633e-01 -6.9228401e+01  8.9875730e-03  2.9094312e-02
   6.1693788e-01  7.8642255e-01  5.2591844e-05 -2.7892366e-04
  -9.4941352e-05]
 [-5.8727026e-01 -8.1892884e-01 -5.0000000e+00 -3.4055710e-01
  -4.5910633e-01 -6.9228401e+01  8.9875730e-03  2.9094312e-02
   6.1693788e-01  7.8642255e-01  5.2591844e-05 -2.7892366e-04
  -9.4941352e-05]
 [-5.8999985e-01 -8.2260793e-01 -5.0000000e+00 -3.4141120e-01
  -4.6014643e-01 -6.9384827e+01  9.0010213e-03  2.9089920e-02
   6.1694121e-01  7.8641993e-01  1.5868101e-04 -5.2924617e-04
   3.4374651e-05]
 [-5.9136724e-01 -8.2445055e-01 -5.0000000e+00 -3.4184092e-01
  -4.6065050e-01 -6.9463051e+01  9.0100644e-03  2.9083779e-02
   6.1694199e-01  7.8641945e-01  8.6578017e-05 -3.6373129e-04
  -3.9049221e-05]
 [-5.9273636e-01 -8.2629520e-01 -5.0000000e+00 -3.4227258e-01
  -4.6115461e-01 -6.9541275e+01  9.0145646e-03  2.9080480e-02
   6.1694324e-01  7.8641856e-01  2.8664188e-05 -1.7389911e-04
  -2.0078383e-05]
 [-5.9410715e-01 -8.2814187e-01 -5.0000000e+00 -3.4312803e-01
  -4.6218386e-01 -6.9697723e+01  9.0272073e-03  2.9070610e-02
   6.1694777e-01  7.8641522e-01 -1.4070550e-04 -3.3266819e-04
  -2.1334144e-04]
 [-5.9547967e-01 -8.2999063e-01 -5.0000000e+00 -3.4355384e-01
  -4.6268216e-01 -6.9775948e+01  9.0338886e-03  2.9064218e-02
   6.1695063e-01  7.8641313e-01 -1.5828514e-04 -5.7473686e-04
  -4.5576540e-05]
 [-5.9822977e-01 -8.3369416e-01 -5.0000000e+00 -3.4396499e-01
  -4.6319816e-01 -6.9854172e+01  9.0382481e-03  2.9059354e-02
   6.1695260e-01  7.8641170e-01 -8.8646368e-05 -4.3240876e-04
  -4.2801374e-05]
 [-5.9960735e-01 -8.3554900e-01 -5.0000000e+00 -3.4440035e-01
  -4.6370754e-01 -6.9932404e+01  9.0447618e-03  2.9053839e-02
   6.1695522e-01  7.8640980e-01  6.4702064e-05 -3.6538509e-04
  -2.4063134e-04]
 [-6.0098666e-01 -8.3740586e-01 -5.0000000e+00 -3.4525135e-01
  -4.6473750e-01 -7.0088867e+01  9.0555036e-03  2.9045379e-02
   6.1696410e-01  7.8640300e-01  2.0965672e-04 -2.0801229e-04
   9.8114979e-05]
 [-6.0098666e-01 -8.3740586e-01 -5.0000000e+00 -3.4525135e-01
  -4.6473750e-01 -7.0088867e+01  9.0555036e-03  2.9045379e-02
   6.1696410e-01  7.8640300e-01  2.0965672e-04 -2.0801229e-04
   9.8114979e-05]]
self.u_target_traj:[[150. 152. 150. 152.]
 [150. 152. 150. 152.]
 [150. 152. 150. 152.]
 [150. 152. 150. 152.]
 [150. 152. 150. 152.]
 [150. 152. 150. 152.]
 [150. 152. 150. 152.]
 [150. 152. 150. 152.]
 [150. 152. 150. 152.]
 [150. 152. 150. 152.]]
x0:[-6.34601116e-01 -8.82603347e-01 -2.27657901e-01 -3.54901940e-01
 -4.76985335e-01 -7.18882675e+01  9.07440297e-03  2.89147943e-02
  6.17130816e-01  7.86276817e-01 -7.38474773e-05 -3.12753022e-04
 -3.72581126e-05]
self.motor_rpms:[150. 152. 150. 152.]
self.x_target_traj:[[-6.14874661e-01 -8.56089592e-01 -5.00000000e+00 -3.49551857e-01
  -4.69994932e-01 -7.08711929e+01  9.08615720e-03  2.89911348e-02
   6.17053628e-01  7.86334336e-01 -4.76820278e-05 -3.65784159e-04
   1.18089665e-04]
 [-6.16272867e-01 -8.57969582e-01 -5.00000000e+00 -3.49972576e-01
  -4.70520824e-01 -7.09494400e+01  9.08652879e-03  2.89856736e-02
   6.17060423e-01  7.86329210e-01 -2.16566317e-04 -4.72572516e-04
   1.87594123e-04]
 [-6.17672741e-01 -8.59851658e-01 -5.00000000e+00 -3.50394756e-01
  -4.71052289e-01 -7.10276794e+01  9.08697303e-03  2.89793089e-02
   6.17069125e-01  7.86322713e-01 -8.38328269e-05 -3.56189441e-04
  -4.29323118e-05]
 [-6.20477617e-01 -8.63622189e-01 -5.00000000e+00 -3.51232260e-01
  -4.72109914e-01 -7.11841507e+01  9.08889249e-03  2.89682411e-02
   6.17084265e-01  7.86311209e-01  1.13569258e-04 -4.14575217e-04
   3.53078649e-05]
 [-6.23289168e-01 -8.67401242e-01 -5.00000000e+00 -3.51655543e-01
  -4.72642750e-01 -7.12623825e+01  9.08899773e-03  2.89647728e-02
   6.17089808e-01  7.86307037e-01  1.20997138e-04 -2.13849125e-04
   7.12305482e-05]
 [-6.24697447e-01 -8.69293928e-01 -5.00000000e+00 -3.52073908e-01
  -4.73167241e-01 -7.13406219e+01  9.08897165e-03  2.89589167e-02
   6.17096782e-01  7.86301732e-01  1.30946457e-04 -3.36589292e-04
  -1.93717453e-04]
 [-6.26107395e-01 -8.71188760e-01 -5.00000000e+00 -3.52892160e-01
  -4.74242330e-01 -7.14970932e+01  9.08586103e-03  2.89450102e-02
   6.17105424e-01  7.86295474e-01 -9.61959595e-05 -5.37008164e-04
  -3.38340760e-06]
 [-6.27518952e-01 -8.73085737e-01 -5.00000000e+00 -3.53301525e-01
  -4.74786520e-01 -7.15753403e+01  9.08430666e-03  2.89396904e-02
   6.17108941e-01  7.86292970e-01 -2.57033389e-06 -3.89147783e-04
  -5.28170785e-05]
 [-6.30347013e-01 -8.76886129e-01 -5.00000000e+00 -3.53713363e-01
  -4.75321203e-01 -7.16535721e+01  9.08161048e-03  2.89329085e-02
   6.17114067e-01  7.86289215e-01  3.16625810e-05 -2.31049256e-04
   2.20046495e-05]
 [-6.31763458e-01 -8.78789663e-01 -5.00000000e+00 -3.54110122e-01
  -4.75877076e-01 -7.17318115e+01  9.08002444e-03  2.89274119e-02
   6.17118597e-01  7.86285877e-01 -1.10167603e-04 -4.97186789e-04
   4.30266664e-05]
 [-6.31763458e-01 -8.78789663e-01 -5.00000000e+00 -3.54110122e-01
  -4.75877076e-01 -7.17318115e+01  9.08002444e-03  2.89274119e-02
   6.17118597e-01  7.86285877e-01 -1.10167603e-04 -4.97186789e-04
   4.30266664e-05]]
self.u_target_traj:[[150. 152. 150. 152.]
 [150. 152. 150. 152.]
 [150. 152. 150. 152.]
 [150. 152. 150. 152.]
 [150. 152. 150. 152.]
 [150. 152. 150. 152.]
 [150. 152. 150. 152.]
 [150. 152. 150. 152.]
 [150. 152. 150. 152.]
 [150. 152. 150. 152.]]
x0:[-6.61876380e-01 -9.19269979e-01 -2.27657901e-01 -3.62516254e-01
 -4.87386525e-01 -7.33748856e+01  9.00237728e-03  2.88502574e-02
  6.17274404e-01  7.86167264e-01 -7.46968435e-05 -3.42045678e-04
  1.15722243e-04]
self.motor_rpms:[150. 152. 150. 152.]
self.x_target_traj:[[-6.4458281e-01 -8.9602023e-01 -5.0000000e+00 -3.5805944e-01
  -4.8134902e-01 -7.2514168e+01  9.0498012e-03  2.8876333e-02
   6.1718303e-01  7.8623754e-01  1.7696392e-04 -4.1114166e-04
  -2.6598049e-05]
 [-6.4601505e-01 -8.9794564e-01 -5.0000000e+00 -3.5805944e-01
  -4.8134902e-01 -7.2514168e+01  9.0498012e-03  2.8876333e-02
   6.1718303e-01  7.8623754e-01  1.7696392e-04 -4.1114166e-04
  -2.6598049e-05]
 [-6.4744890e-01 -8.9987320e-01 -5.0000000e+00 -3.5846049e-01
  -4.8188937e-01 -7.2592400e+01  9.0448391e-03  2.8871870e-02
   6.1719263e-01  7.8623015e-01  1.9986060e-04 -3.1664851e-04
   4.5412075e-05]
 [-6.4888436e-01 -9.0180296e-01 -5.0000000e+00 -3.5886231e-01
  -4.8244274e-01 -7.2670647e+01  9.0411343e-03  2.8869340e-02
   6.1719865e-01  7.8622568e-01  1.7224549e-04 -2.5724201e-04
  -7.5895601e-05]
 [-6.4888436e-01 -9.0180296e-01 -5.0000000e+00 -3.5886231e-01
  -4.8244274e-01 -7.2670647e+01  9.0411343e-03  2.8869340e-02
   6.1719865e-01  7.8622568e-01  1.7224549e-04 -2.5724201e-04
  -7.5895601e-05]
 [-6.5032142e-01 -9.0373492e-01 -5.0000000e+00 -3.5926583e-01
  -4.8299292e-01 -7.2748886e+01  9.0358853e-03  2.8865866e-02
   6.1720747e-01  7.8621888e-01 -3.5915233e-05 -4.2157853e-04
  -7.0516398e-05]
 [-6.5176010e-01 -9.0566915e-01 -5.0000000e+00 -3.6007845e-01
  -4.8410025e-01 -7.2905365e+01  9.0261055e-03  2.8858336e-02
   6.1722440e-01  7.8620607e-01 -9.7377575e-05 -3.8296543e-04
   1.7837013e-04]
 [-6.5464228e-01 -9.0954411e-01 -5.0000000e+00 -3.6048076e-01
  -4.8465240e-01 -7.2983620e+01  9.0180812e-03  2.8851865e-02
   6.1724114e-01  7.8619319e-01  3.1843147e-04 -3.9533409e-04
  -3.6366895e-05]
 [-6.5608585e-01 -9.1148490e-01 -5.0000000e+00 -3.6129147e-01
  -4.8574948e-01 -7.3140114e+01  9.0153422e-03  2.8850432e-02
   6.1724693e-01  7.8618878e-01  2.4032959e-04 -2.7759536e-04
  -1.7067697e-04]
 [-6.5897787e-01 -9.1537309e-01 -5.0000000e+00 -3.6210904e-01
  -4.8684061e-01 -7.3296631e+01  9.0070860e-03  2.8848579e-02
   6.1726242e-01  7.8617662e-01  7.9931342e-06 -2.3308583e-04
  -9.0257730e-05]
 [-6.5897787e-01 -9.1537309e-01 -5.0000000e+00 -3.6210904e-01
  -4.8684061e-01 -7.3296631e+01  9.0070860e-03  2.8848579e-02
   6.1726242e-01  7.8617662e-01  7.9931342e-06 -2.3308583e-04
  -9.0257730e-05]]
self.u_target_traj:[[150. 152. 150. 152.]
 [150. 152. 150. 152.]
 [150. 152. 150. 152.]
 [150. 152. 150. 152.]
 [150. 152. 150. 152.]
 [150. 152. 150. 152.]
 [150. 152. 150. 152.]
 [150. 152. 150. 152.]
 [150. 152. 150. 152.]
 [150. 152. 150. 152.]]
x0:[-6.94181800e-01 -9.62716460e-01 -2.26356984e-01 -3.71323824e-01
 -4.99581486e-01 -7.50963440e+01  8.99368152e-03  2.88893562e-02
  6.17402136e-01  7.86065578e-01 -4.26529150e-05 -3.12868971e-04
 -1.26647617e-04]
self.motor_rpms:[150. 152. 150. 152.]
self.x_target_traj:[[-6.74998462e-01 -9.36914086e-01 -5.00000000e+00 -3.66087019e-01
  -4.92299706e-01 -7.40792007e+01  8.97752214e-03  2.88654920e-02
   6.17342830e-01  7.86113381e-01  1.24934188e-04 -4.49589919e-04
  -5.73267462e-05]
 [-6.74998462e-01 -9.36914086e-01 -5.00000000e+00 -3.66087019e-01
  -4.92299706e-01 -7.40792007e+01  8.97752214e-03  2.88654920e-02
   6.17342830e-01  7.86113381e-01  1.24934188e-04 -4.49589919e-04
  -5.73267462e-05]
 [-6.76464438e-01 -9.38885450e-01 -5.00000000e+00 -3.66889805e-01
  -4.93394732e-01 -7.42356873e+01  8.97602644e-03  2.88709532e-02
   6.17357552e-01  7.86101520e-01  7.89834303e-06 -2.57508596e-04
  -7.41614203e-05]
 [-6.79401219e-01 -9.42834795e-01 -5.00000000e+00 -3.67292494e-01
  -4.93948311e-01 -7.43139267e+01  8.97645205e-03  2.88736466e-02
   6.17365122e-01  7.86095560e-01  6.81008387e-05 -3.67632369e-04
   1.44347257e-04]
 [-6.80871964e-01 -9.44812834e-01 -5.00000000e+00 -3.68098855e-01
  -4.95069236e-01 -7.44704056e+01  8.97822436e-03  2.88787913e-02
   6.17377102e-01  7.86085963e-01  1.94639288e-04 -1.20579032e-04
  -5.10480313e-05]
 [-6.83818400e-01 -9.48775709e-01 -5.00000000e+00 -3.68501067e-01
  -4.95636046e-01 -7.45486374e+01  8.97912495e-03  2.88809165e-02
   6.17380202e-01  7.86083341e-01  8.54721002e-05 -6.12704083e-04
  -1.74701592e-04]
 [-6.85294032e-01 -9.50760484e-01 -5.00000000e+00 -3.69315982e-01
  -4.96753514e-01 -7.47051163e+01  8.98324046e-03  2.88831741e-02
   6.17386222e-01  7.86078572e-01  1.47107610e-04 -6.55349577e-04
  -1.08321226e-04]
 [-6.88250124e-01 -9.54736829e-01 -5.00000000e+00 -3.69716138e-01
  -4.97320473e-01 -7.47833557e+01  8.98571871e-03  2.88847890e-02
   6.17389917e-01  7.86075473e-01  5.92919241e-05 -3.88520770e-04
  -7.46954465e-05]
 [-6.89730644e-01 -9.56728339e-01 -5.00000000e+00 -3.70123148e-01
  -4.97873545e-01 -7.48616028e+01  8.98718089e-03  2.88864803e-02
   6.17392004e-01  7.86073744e-01  1.11655536e-04 -3.30641400e-04
   1.31047855e-05]
 [-6.91212773e-01 -9.58722115e-01 -5.00000000e+00 -3.70931208e-01
  -4.99014467e-01 -7.50180969e+01  8.99174530e-03  2.88886838e-02
   6.17397606e-01  7.86069274e-01 -4.44427424e-05 -4.38527437e-04
   7.94908556e-05]
 [-6.91212773e-01 -9.58722115e-01 -5.00000000e+00 -3.70931208e-01
  -4.99014467e-01 -7.50180969e+01  8.99174530e-03  2.88886838e-02
   6.17397606e-01  7.86069274e-01 -4.44427424e-05 -4.38527437e-04
   7.94908556e-05]]
self.u_target_traj:[[150. 152. 150. 152.]
 [150. 152. 150. 152.]
 [150. 152. 150. 152.]
 [150. 152. 150. 152.]
 [150. 152. 150. 152.]
 [150. 152. 150. 152.]
 [150. 152. 150. 152.]
 [150. 152. 150. 152.]
 [150. 152. 150. 152.]
 [150. 152. 150. 152.]]
x0:[-7.34886050e-01 -1.01750386e+00 -2.27007442e-01 -3.82102966e-01
 -5.14404178e-01 -7.72091599e+01  9.04133357e-03  2.88189128e-02
  6.17346287e-01  7.86111593e-01  1.69228384e-04 -2.11630482e-04
  1.10699737e-04]
self.motor_rpms:[150. 152. 150. 152.]
self.x_target_traj:[[-7.1212900e-01 -9.8686969e-01 -5.0000000e+00 -3.7648213e-01
  -5.0676173e-01 -7.6113663e+01  9.0122242e-03  2.8874634e-02
   6.1740923e-01  7.8606039e-01  2.5211106e-05 -4.5872328e-04
   2.7859613e-05]
 [-7.1514243e-01 -9.9092591e-01 -5.0000000e+00 -3.7687433e-01
  -5.0730026e-01 -7.6191917e+01  9.0134805e-03  2.8872447e-02
   6.1741042e-01  7.8605962e-01  6.3404645e-05 -2.2060145e-04
   3.9355771e-04]
 [-7.1514243e-01 -9.9092591e-01 -5.0000000e+00 -3.7727544e-01
  -5.0784260e-01 -7.6270172e+01  9.0146046e-03  2.8870214e-02
   6.1741000e-01  7.8605986e-01  7.2696450e-05 -2.7750619e-05
   8.2445069e-05]
 [-7.1967453e-01 -9.9702650e-01 -5.0000000e+00 -3.7807679e-01
  -5.0892615e-01 -7.6426682e+01  9.0182964e-03  2.8862260e-02
   6.1740637e-01  7.8606302e-01 -2.4028617e-05 -4.1895849e-04
  -8.3633553e-05]
 [-7.1967453e-01 -9.9702650e-01 -5.0000000e+00 -3.7847707e-01
  -5.0946295e-01 -7.6504936e+01  9.0204664e-03  2.8857913e-02
   6.1740488e-01  7.8606433e-01  1.7508442e-04 -2.9087160e-04
   3.3000106e-05]
 [-7.2270393e-01 -1.0011044e+00 -5.0000000e+00 -3.7887490e-01
  -5.1001734e-01 -7.6583191e+01  9.0229632e-03  2.8854676e-02
   6.1740339e-01  7.8606564e-01  2.1039936e-04 -5.8728061e-04
  -6.3926913e-05]
 [-7.2573978e-01 -1.0051910e+00 -5.0000000e+00 -3.7968805e-01
  -5.1110899e-01 -7.6739670e+01  9.0288157e-03  2.8846407e-02
   6.1738914e-01  7.8607702e-01  1.7812019e-04 -4.2131962e-04
  -4.1217310e-05]
 [-7.2726011e-01 -1.0072377e+00 -5.0000000e+00 -3.8049823e-01
  -5.1222068e-01 -7.6896172e+01  9.0337815e-03  2.8837670e-02
   6.1737555e-01  7.8608799e-01  5.5389683e-05 -4.8469880e-04
  -1.8030900e-05]
 [-7.3030573e-01 -1.0113375e+00 -5.0000000e+00 -3.8129544e-01
  -5.1330304e-01 -7.7052658e+01  9.0381214e-03  2.8828524e-02
   6.1736047e-01  7.8610015e-01 -2.9549730e-05 -4.2110006e-04
   4.4740184e-05]
 [-7.3183089e-01 -1.0133908e+00 -5.0000000e+00 -3.8169721e-01
  -5.1385617e-01 -7.7130913e+01  9.0393173e-03  2.8822996e-02
   6.1735189e-01  7.8610694e-01 -1.9305994e-04 -2.1826732e-04
   3.5873236e-05]
 [-7.3183089e-01 -1.0133908e+00 -5.0000000e+00 -3.8169721e-01
  -5.1385617e-01 -7.7130913e+01  9.0393173e-03  2.8822996e-02
   6.1735189e-01  7.8610694e-01 -1.9305994e-04 -2.1826732e-04
   3.5873236e-05]]
self.u_target_traj:[[150. 152. 150. 152.]
 [150. 152. 150. 152.]
 [150. 152. 150. 152.]
 [150. 152. 150. 152.]
 [150. 152. 150. 152.]
 [150. 152. 150. 152.]
 [150. 152. 150. 152.]
 [150. 152. 150. 152.]
 [150. 152. 150. 152.]
 [150. 152. 150. 152.]]
x0:[-7.70473778e-01 -1.06542838e+00 -2.27657901e-01 -3.91004860e-01
 -5.26819825e-01 -7.90089264e+01  9.09699220e-03  2.86824703e-02
  6.17033303e-01  7.86361575e-01  4.76287387e-05 -3.83927254e-04
  9.59066965e-05]
self.motor_rpms:[150. 152. 150. 152.]
self.x_target_traj:[[-7.47171402e-01 -1.03404379e+00 -5.00000000e+00 -3.85698169e-01
  -5.19327760e-01 -7.79134140e+01  9.06901713e-03  2.87653506e-02
   6.17245555e-01  7.86192238e-01 -1.96796318e-05 -4.29164851e-04
   1.03515835e-04]
 [-7.50258565e-01 -1.03820062e+00 -5.00000000e+00 -3.86084050e-01
  -5.19871116e-01 -7.79916611e+01  9.07111540e-03  2.87605375e-02
   6.17233515e-01  7.86201835e-01 -6.82651589e-05 -5.25875716e-04
  -2.81996618e-05]
 [-7.50258565e-01 -1.03820062e+00 -5.00000000e+00 -3.86472732e-01
  -5.20407856e-01 -7.80699158e+01  9.07369424e-03  2.87531260e-02
   6.17215812e-01  7.86215961e-01 -4.83479525e-05 -3.43540218e-04
   1.39176904e-04]
 [-7.53351927e-01 -1.04236603e+00 -5.00000000e+00 -3.87245655e-01
  -5.21485507e-01 -7.82264252e+01  9.07759182e-03  2.87408605e-02
   6.17186964e-01  7.86239028e-01  1.16051524e-06 -3.05246795e-04
   2.64998525e-05]
 [-7.56451428e-01 -1.04654002e+00 -5.00000000e+00 -3.87627810e-01
  -5.22017121e-01 -7.83046799e+01  9.07914713e-03  2.87355892e-02
   6.17174804e-01  7.86248803e-01  6.54690666e-07 -3.58361751e-04
  -1.69392093e-04]
 [-7.58003473e-01 -1.04863024e+00 -5.00000000e+00 -3.88396919e-01
  -5.23079395e-01 -7.84611816e+01  9.08341445e-03  2.87233461e-02
   6.17142200e-01  7.86274731e-01  1.02276303e-04 -2.74084974e-04
   1.86849211e-05]
 [-7.61112094e-01 -1.05281699e+00 -5.00000000e+00 -3.88760358e-01
  -5.23606300e-01 -7.85394363e+01  9.08590946e-03  2.87165083e-02
   6.17122233e-01  7.86290705e-01  1.79035211e-04 -3.59888421e-04
  -2.25446798e-04]
 [-7.62668669e-01 -1.05491352e+00 -5.00000000e+00 -3.89138848e-01
  -5.24139047e-01 -7.86176910e+01  9.08829086e-03  2.87120864e-02
   6.17109418e-01  7.86300898e-01 -1.18268625e-04 -3.85137741e-04
  -2.75786151e-05]
 [-7.65786231e-01 -1.05911303e+00 -5.00000000e+00 -3.89876306e-01
  -5.25204957e-01 -7.87741928e+01  9.09105502e-03  2.86991261e-02
   6.17078960e-01  7.86325276e-01 -1.24282931e-04 -2.93354737e-04
   5.59910550e-05]
 [-7.67347217e-01 -1.06121600e+00 -5.00000000e+00 -3.90629679e-01
  -5.26274741e-01 -7.89306793e+01  9.09515377e-03  2.86880732e-02
   6.17050350e-01  7.86347985e-01  1.39855634e-04 -3.69059388e-04
   1.44375575e-04]
 [-7.67347217e-01 -1.06121600e+00 -5.00000000e+00 -3.90629679e-01
  -5.26274741e-01 -7.89306793e+01  9.09515377e-03  2.86880732e-02
   6.17050350e-01  7.86347985e-01  1.39855634e-04 -3.69059388e-04
   1.44375575e-04]]
self.u_target_traj:[[150. 152. 150. 152.]
 [150. 152. 150. 152.]
 [150. 152. 150. 152.]
 [150. 152. 150. 152.]
 [150. 152. 150. 152.]
 [150. 152. 150. 152.]
 [150. 152. 150. 152.]
 [150. 152. 150. 152.]
 [150. 152. 150. 152.]
 [150. 152. 150. 152.]]
x0:[-8.05256307e-01 -1.11231482e+00 -2.27007442e-01 -3.99141192e-01
 -5.38183630e-01 -8.07305908e+01  9.11573321e-03  2.85612568e-02
  6.16874814e-01  7.86490202e-01  4.44116013e-05 -4.48407256e-04
  1.13431364e-04]
self.motor_rpms:[150. 152. 150. 152.]
self.x_target_traj:[[-7.86195278e-01 -1.08661675e+00 -5.00000000e+00 -3.94688934e-01
  -5.32057047e-01 -7.97914886e+01  9.11418535e-03  2.86094304e-02
   6.16912425e-01  7.86458910e-01  3.98027187e-05 -5.05605014e-04
  -1.54980575e-04]
 [-7.86195278e-01 -1.08661675e+00 -5.00000000e+00 -3.95059824e-01
  -5.32570601e-01 -7.98697433e+01  9.11608525e-03  2.86038481e-02
   6.16905510e-01  7.86464453e-01  2.00851675e-04 -4.66185389e-04
  -1.16674928e-05]
 [-7.89357245e-01 -1.09087932e+00 -5.00000000e+00 -3.95426422e-01
  -5.33085704e-01 -7.99480057e+01  9.11768898e-03  2.85965353e-02
   6.16895556e-01  7.86472619e-01  8.17494874e-05 -3.27618094e-04
  -2.67571624e-04]
 [-7.90940464e-01 -1.09301364e+00 -5.00000000e+00 -3.95797759e-01
  -5.33593893e-01 -8.00262680e+01  9.11871810e-03  2.85852253e-02
   6.16885245e-01  7.86481023e-01 -1.21936318e-06 -2.30692094e-04
  -1.51874468e-04]
 [-7.92525172e-01 -1.09515011e+00 -5.00000000e+00 -3.96548748e-01
  -5.34619868e-01 -8.01827774e+01  9.11768898e-03  2.85833124e-02
   6.16883278e-01  7.86482573e-01  1.04656880e-04 -5.11975959e-05
   1.64988422e-04]
 [-7.95699060e-01 -1.09942913e+00 -5.00000000e+00 -3.96925718e-01
  -5.35132766e-01 -8.02610321e+01  9.11740493e-03  2.85800565e-02
   6.16880357e-01  7.86485076e-01 -8.14379600e-05 -5.48417447e-04
  -1.42961246e-04]
 [-7.97288239e-01 -1.10157168e+00 -5.00000000e+00 -3.97674531e-01
  -5.36149025e-01 -8.04175644e+01  9.11771134e-03  2.85723452e-02
   6.16876245e-01  7.86488593e-01  2.55412742e-04 -4.71893698e-04
   1.60120253e-05]
 [-8.00471067e-01 -1.10586286e+00 -5.00000000e+00 -3.98044556e-01
  -5.36664844e-01 -8.04958267e+01  9.11669061e-03  2.85664406e-02
   6.16874874e-01  7.86489964e-01  2.81959947e-05 -3.71627975e-04
  -9.35441640e-05]
 [-8.02064657e-01 -1.10801148e+00 -5.00000000e+00 -3.98774385e-01
  -5.37677407e-01 -8.06523361e+01  9.11586173e-03  2.85644066e-02
   6.16874278e-01  7.86490440e-01 -1.37433817e-05 -2.98411120e-04
  -8.13268707e-05]
 [-8.05256307e-01 -1.11231482e+00 -5.00000000e+00 -3.99141192e-01
  -5.38183630e-01 -8.07305908e+01  9.11573321e-03  2.85612568e-02
   6.16874814e-01  7.86490202e-01  4.44116013e-05 -4.48407256e-04
   1.13431364e-04]
 [-8.05256307e-01 -1.11231482e+00 -5.00000000e+00 -3.99141192e-01
  -5.38183630e-01 -8.07305908e+01  9.11573321e-03  2.85612568e-02
   6.16874814e-01  7.86490202e-01  4.44116013e-05 -4.48407256e-04
   1.13431364e-04]]
self.u_target_traj:[[150. 152. 150. 152.]
 [150. 152. 150. 152.]
 [150. 152. 150. 152.]
 [150. 152. 150. 152.]
 [150. 152. 150. 152.]
 [150. 152. 150. 152.]
 [150. 152. 150. 152.]
 [150. 152. 150. 152.]
 [150. 152. 150. 152.]
 [150. 152. 150. 152.]]
x0:[-8.19690526e-01 -1.13178039e+00 -2.27657901e-01 -4.02387649e-01
 -5.42721510e-01 -8.14347687e+01  9.10524931e-03  2.85333134e-02
  6.16907418e-01  7.86465704e-01  1.34767703e-04 -3.80258542e-04
 -9.12970281e-05]
self.motor_rpms:[150. 152. 150. 152.]
self.x_target_traj:[[-8.1647283e-01 -1.1274406e+00 -5.0000000e+00 -4.0167579e-01
  -5.4172552e-01 -8.1278275e+01  9.1100298e-03  2.8541109e-02
   6.1689126e-01  7.8647804e-01  1.0704060e-04 -4.4970552e-04
  -1.6875027e-04]
 [-8.1808096e-01 -1.1296095e+00 -5.0000000e+00 -4.0203357e-01
  -5.4222417e-01 -8.1356514e+01  9.1068717e-03  2.8536309e-02
   6.1690074e-01  7.8647083e-01  1.6142972e-04 -4.5099529e-05
  -9.6452583e-05]
 [-8.1808096e-01 -1.1296095e+00 -5.0000000e+00 -4.0238765e-01
  -5.4272151e-01 -8.1434769e+01  9.1052493e-03  2.8533313e-02
   6.1690742e-01  7.8646570e-01  1.3476770e-04 -3.8025854e-04
  -9.1297028e-05]
 [-8.1969053e-01 -1.1317804e+00 -5.0000000e+00 -4.0238765e-01
  -5.4272151e-01 -8.1434769e+01  9.1052493e-03  2.8533313e-02
   6.1690742e-01  7.8646570e-01  1.3476770e-04 -3.8025854e-04
  -9.1297028e-05]
 [-8.1969053e-01 -1.1317804e+00 -5.0000000e+00 -4.0238765e-01
  -5.4272151e-01 -8.1434769e+01  9.1052493e-03  2.8533313e-02
   6.1690742e-01  7.8646570e-01  1.3476770e-04 -3.8025854e-04
  -9.1297028e-05]
 [-8.1969053e-01 -1.1317804e+00 -5.0000000e+00 -4.0238765e-01
  -5.4272151e-01 -8.1434769e+01  9.1052493e-03  2.8533313e-02
   6.1690742e-01  7.8646570e-01  1.3476770e-04 -3.8025854e-04
  -9.1297028e-05]
 [-8.1969053e-01 -1.1317804e+00 -5.0000000e+00 -4.0238765e-01
  -5.4272151e-01 -8.1434769e+01  9.1052493e-03  2.8533313e-02
   6.1690742e-01  7.8646570e-01  1.3476770e-04 -3.8025854e-04
  -9.1297028e-05]
 [-8.1969053e-01 -1.1317804e+00 -5.0000000e+00 -4.0238765e-01
  -5.4272151e-01 -8.1434769e+01  9.1052493e-03  2.8533313e-02
   6.1690742e-01  7.8646570e-01  1.3476770e-04 -3.8025854e-04
  -9.1297028e-05]
 [-8.1969053e-01 -1.1317804e+00 -5.0000000e+00 -4.0238765e-01
  -5.4272151e-01 -8.1434769e+01  9.1052493e-03  2.8533313e-02
   6.1690742e-01  7.8646570e-01  1.3476770e-04 -3.8025854e-04
  -9.1297028e-05]
 [-8.1969053e-01 -1.1317804e+00 -5.0000000e+00 -4.0238765e-01
  -5.4272151e-01 -8.1434769e+01  9.1052493e-03  2.8533313e-02
   6.1690742e-01  7.8646570e-01  1.3476770e-04 -3.8025854e-04
  -9.1297028e-05]
 [-8.1969053e-01 -1.1317804e+00 -5.0000000e+00 -4.0238765e-01
  -5.4272151e-01 -8.1434769e+01  9.1052493e-03  2.8533313e-02
   6.1690742e-01  7.8646570e-01  1.3476770e-04 -3.8025854e-04
  -9.1297028e-05]]
self.u_target_traj:[[150. 152. 150. 152.]
 [150. 152. 150. 152.]
 [150. 152. 150. 152.]
 [150. 152. 150. 152.]
 [150. 152. 150. 152.]
 [150. 152. 150. 152.]
 [150. 152. 150. 152.]
 [150. 152. 150. 152.]
 [150. 152. 150. 152.]
 [150. 152. 150. 152.]]
