x0:[-2.83021992e-03 -8.49369355e-03 -2.27657901e-01 -2.62121018e-02
 -7.85108507e-02  3.49936411e-02  1.38481997e-03  4.32586521e-02
  6.83101296e-01  7.29040086e-01 -1.59515650e-04  3.19405692e-04
 -4.85641998e-04]
self.motor_rpms:[150. 152. 150. 152.]
self.x_target_traj:[[-1.1759837e-05 -3.5728237e-05 -5.0000000e+00 -1.2356863e-02
  -3.7101515e-02  1.6443620e-02  1.4195810e-03  4.3299962e-02
   6.8300647e-01  7.2912639e-01 -4.4633431e-04  4.2618794e-04
  -5.0185644e-04]
 [-1.3892537e-03 -4.1744234e-03 -5.0000000e+00 -1.8284416e-02
  -5.4965068e-02  2.4369219e-02  1.3991038e-03  4.3263879e-02
   6.8301272e-01  7.2912276e-01 -3.5812909e-04  2.0139868e-04
  -5.1619543e-04]
 [-1.4644081e-03 -4.4001830e-03 -5.0000000e+00 -1.9287815e-02
  -5.7921253e-02  2.5688970e-02  1.3953575e-03  4.3262031e-02
   6.8301439e-01  7.2912133e-01 -1.0864908e-04  3.6205421e-04
  -5.1174511e-04]
 [-1.5415594e-03 -4.6318681e-03 -5.0000000e+00 -1.9287815e-02
  -5.7921253e-02  2.5688970e-02  1.3953575e-03  4.3262031e-02
   6.8301439e-01  7.2912133e-01 -1.0864908e-04  3.6205421e-04
  -5.1174511e-04]
 [-1.6206950e-03 -4.8694457e-03 -5.0000000e+00 -1.9783920e-02
  -5.9394412e-02  2.6353208e-02  1.3929100e-03  4.3260735e-02
   6.8301928e-01  7.2911680e-01 -2.3635832e-04  2.7316200e-04
  -5.8038568e-04]
 [-1.7018276e-03 -5.1129255e-03 -5.0000000e+00 -2.0788092e-02
  -6.2349439e-02  2.7669795e-02  1.3898617e-03  4.3257654e-02
   6.8302810e-01  7.2910875e-01 -3.2208214e-04  3.5842729e-04
  -3.7619367e-04]
 [-1.8701559e-03 -5.6176460e-03 -5.0000000e+00 -2.1293990e-02
  -6.3830607e-02  2.8329285e-02  1.3893165e-03  4.3257054e-02
   6.8303132e-01  7.2910571e-01 -2.9635761e-04  3.9074075e-04
  -4.7135132e-04]
 [-1.9573318e-03 -5.8788252e-03 -5.0000000e+00 -2.1793952e-02
  -6.5294743e-02  2.8995898e-02  1.3887862e-03  4.3256849e-02
   6.8303418e-01  7.2910309e-01 -1.2599066e-04  5.3887913e-04
  -6.2235876e-04]
 [-2.0464915e-03 -6.1458689e-03 -5.0000000e+00 -2.2780040e-02
  -6.8230942e-02  3.0320443e-02  1.3890272e-03  4.3256994e-02
   6.8304497e-01  7.2909302e-01 -2.6751810e-04  3.1333676e-04
  -2.7972262e-04]
 [-2.2306880e-03 -6.6975951e-03 -5.0000000e+00 -2.3269091e-02
  -6.9700703e-02  3.0986171e-02  1.3890031e-03  4.3257903e-02
   6.8305224e-01  7.2908616e-01  8.1880135e-06  5.5151980e-04
  -2.8302043e-04]
 [-2.2306880e-03 -6.6975951e-03 -5.0000000e+00 -2.3269091e-02
  -6.9700703e-02  3.0986171e-02  1.3890031e-03  4.3257903e-02
   6.8305224e-01  7.2908616e-01  8.1880135e-06  5.5151980e-04
  -2.8302043e-04]]
self.u_target_traj:[[150. 152. 150. 152.]
 [150. 152. 150. 152.]
 [150. 152. 150. 152.]
 [150. 152. 150. 152.]
 [150. 152. 150. 152.]
 [150. 152. 150. 152.]
 [150. 152. 150. 152.]
 [150. 152. 150. 152.]
 [150. 152. 150. 152.]
 [150. 152. 150. 152.]]
