x0:[-2.17230036e-03 -2.83555919e-03 -2.27657901e-01 -1.90717187e-02
 -2.51153708e-02 -4.37792778e+00  7.19840033e-03  3.07219177e-02
  6.26962006e-01  7.78410554e-01  1.90480438e-04  3.97432130e-04
  1.97349815e-04]
self.motor_rpms:[150. 152. 150. 152.]
self.x_target_traj:[[-1.3586314e-05 -1.7540433e-05 -5.0000000e+00 -8.1751971e-03
  -1.0585162e-02 -1.8761619e+00  7.2391639e-03  3.0621707e-02
   6.2727141e-01  7.7816474e-01  6.4839987e-05  1.5052757e-04
   1.7619089e-04]
 [-1.1156776e-03 -1.4489038e-03 -5.0000000e+00 -1.3645044e-02
  -1.7766677e-02 -3.1270339e+00  7.2107580e-03  3.0697009e-02
   6.2711728e-01  7.7828646e-01  1.9833940e-05  1.1420634e-04
   2.2023989e-04]
 [-1.1716244e-03 -1.5217833e-03 -5.0000000e+00 -1.3986690e-02
  -1.8219875e-02 -3.2052097e+00  7.2100232e-03  3.0699311e-02
   6.2710792e-01  7.7829379e-01  8.1260252e-05  1.2114935e-04
   1.1110105e-04]
 [-1.2289304e-03 -1.5964832e-03 -5.0000000e+00 -1.4326494e-02
  -1.8674957e-02 -3.2833860e+00  7.2087827e-03  3.0702965e-02
   6.2709379e-01  7.7830505e-01  1.1865614e-04  3.9275410e-04
  -2.0755950e-05]
 [-1.2289304e-03 -1.5964832e-03 -5.0000000e+00 -1.4665433e-02
  -1.9138254e-02 -3.3615677e+00  7.2073569e-03  3.0704472e-02
   6.2708521e-01  7.7831197e-01 -5.2852265e-05  2.8146058e-04
   1.4663016e-04]
 [-1.2875921e-03 -1.6730361e-03 -5.0000000e+00 -1.4995299e-02
  -1.9602258e-02 -3.4397538e+00  7.2066016e-03  3.0706266e-02
   6.2707257e-01  7.7832204e-01 -2.1239975e-06  2.1233992e-04
   3.1830993e-04]
 [-1.4088775e-03 -1.8316901e-03 -5.0000000e+00 -1.5326033e-02
  -2.0061197e-02 -3.5179443e+00  7.2064721e-03  3.0707512e-02
   6.2706381e-01  7.7832913e-01  1.1790887e-04  1.5363807e-04
   1.5716162e-04]
 [-1.4714965e-03 -1.9137616e-03 -5.0000000e+00 -1.5654750e-02
  -2.0517891e-02 -3.5961201e+00  7.2071310e-03  3.0709039e-02
   6.2705183e-01  7.7833861e-01 -6.9654780e-06  9.8375953e-05
   3.3106626e-04]
 [-1.5354555e-03 -1.9976427e-03 -5.0000000e+00 -1.6325513e-02
  -2.1433080e-02 -3.7524688e+00  7.2068088e-03  3.0710896e-02
   6.2703258e-01  7.7835411e-01  1.5078840e-04  2.0380691e-04
   1.0946166e-04]
 [-1.6674164e-03 -2.1709255e-03 -5.0000000e+00 -1.7002778e-02
  -2.2348486e-02 -3.9088187e+00  7.2054612e-03  3.0712556e-02
   6.2701333e-01  7.7836961e-01  1.0500778e-05  1.8428499e-04
   1.6871316e-05]
 [-1.6674164e-03 -2.1709255e-03 -5.0000000e+00 -1.7002778e-02
  -2.2348486e-02 -3.9088187e+00  7.2054612e-03  3.0712556e-02
   6.2701333e-01  7.7836961e-01  1.0500778e-05  1.8428499e-04
   1.6871316e-05]]
self.u_target_traj:[[150. 152. 150. 152.]
 [150. 152. 150. 152.]
 [150. 152. 150. 152.]
 [150. 152. 150. 152.]
 [150. 152. 150. 152.]
 [150. 152. 150. 152.]
 [150. 152. 150. 152.]
 [150. 152. 150. 152.]
 [150. 152. 150. 152.]
 [150. 152. 150. 152.]]
