x0:[-2.18050904e-03 -2.21984996e-03 -2.27657901e-01 -2.10166387e-02
 -2.13942006e-02 -3.98956394e+00  7.86337163e-03  3.04478146e-02
  6.22439623e-01  7.82035828e-01  3.38711106e-05  7.94645166e-05
 -7.46730366e-05]
self.motor_rpms:[150. 152. 150. 152.]
self.x_target_traj:[[-4.8537031e-06 -5.1270772e-06 -5.0000000e+00 -6.5323589e-03
  -6.7181019e-03 -1.2517018e+00  7.9317130e-03  3.0449649e-02
   6.2234306e-01  7.8211200e-01  2.6667619e-04  2.7272990e-04
   5.5073469e-05]
 [-1.0921434e-03 -1.1153661e-03 -5.0000000e+00 -1.4834404e-02
  -1.5016109e-02 -2.8161292e+00  7.8766327e-03  3.0469449e-02
   6.2236178e-01  7.8209692e-01  1.0719513e-04 -3.2567885e-05
   3.0931708e-04]
 [-1.1531283e-03 -1.1771596e-03 -5.0000000e+00 -1.5246238e-02
  -1.5448382e-02 -2.8943620e+00  7.8743473e-03  3.0467572e-02
   6.2236619e-01  7.8209347e-01 -1.0663498e-06  1.3870792e-04
   2.0062912e-04]
 [-1.2157643e-03 -1.2406313e-03 -5.0000000e+00 -1.5659001e-02
  -1.5867939e-02 -2.9725833e+00  7.8730229e-03  3.0466208e-02
   6.2236887e-01  7.8209138e-01  7.7075223e-05  5.2939169e-05
   1.4277478e-04]
 [-1.2800716e-03 -1.3058090e-03 -5.0000000e+00 -1.6076813e-02
  -1.6294425e-02 -3.0508080e+00  7.8715747e-03  3.0464640e-02
   6.2237537e-01  7.8208619e-01  6.0686507e-05  4.6133879e-05
  -5.0231931e-05]
 [-1.3460391e-03 -1.3726722e-03 -5.0000000e+00 -1.6491875e-02
  -1.6715774e-02 -3.1290367e+00  7.8696264e-03  3.0463545e-02
   6.2238091e-01  7.8208184e-01  2.3135945e-06  1.2119184e-04
   8.3301507e-05]
 [-1.4136391e-03 -1.4412127e-03 -5.0000000e+00 -1.7311381e-02
  -1.7559336e-02 -3.2854888e+00  7.8674788e-03  3.0461192e-02
   6.2239665e-01  7.8206950e-01  2.8340335e-05  1.5131186e-04
   3.0437304e-04]
 [-1.4828846e-03 -1.5114500e-03 -5.0000000e+00 -1.7729886e-02
  -1.7974939e-02 -3.3637161e+00  7.8662951e-03  3.0460555e-02
   6.2240648e-01  7.8206170e-01  2.4768827e-04  1.5258545e-04
   4.1652319e-04]
 [-1.6263667e-03 -1.6569454e-03 -5.0000000e+00 -1.8140653e-02
  -1.8398924e-02 -3.4419310e+00  7.8650359e-03  3.0459821e-02
   6.2241346e-01  7.8205615e-01 -5.0168455e-06  2.2244954e-04
   3.5053695e-04]
 [-1.7006019e-03 -1.7322279e-03 -5.0000000e+00 -1.8558772e-02
  -1.8820588e-02 -3.5201573e+00  7.8630373e-03  3.0458588e-02
   6.2242252e-01  7.8204912e-01  1.2714417e-04  1.0886125e-04
  -1.5339290e-05]
 [-1.7006019e-03 -1.7322279e-03 -5.0000000e+00 -1.8558772e-02
  -1.8820588e-02 -3.5201573e+00  7.8630373e-03  3.0458588e-02
   6.2242252e-01  7.8204912e-01  1.2714417e-04  1.0886125e-04
  -1.5339290e-05]]
self.u_target_traj:[[150. 152. 150. 152.]
 [150. 152. 150. 152.]
 [150. 152. 150. 152.]
 [150. 152. 150. 152.]
 [150. 152. 150. 152.]
 [150. 152. 150. 152.]
 [150. 152. 150. 152.]
 [150. 152. 150. 152.]
 [150. 152. 150. 152.]
 [150. 152. 150. 152.]]
x0:[-4.51729387e-01 -4.55899149e-01 -2.27657901e-01 -3.15424681e-01
 -3.16265017e-01 -5.59322586e+01  7.72372866e-03  2.97765788e-02
  6.23364329e-01  7.81326175e-01 -1.36033050e-05  6.31235307e-05
  9.40079335e-05]
self.motor_rpms:[150. 152. 150. 152.]
self.x_target_traj:[[-4.35452878e-01 -4.39596176e-01 -5.00000000e+00 -3.10579985e-01
  -3.10753971e-01 -5.49940605e+01  7.72950333e-03  2.98320930e-02
   6.23458564e-01  7.81248868e-01 -1.67560938e-04  2.65776529e-04
  -1.33131369e-04]
 [-4.37939167e-01 -4.42084074e-01 -5.00000000e+00 -3.11390162e-01
  -3.11688244e-01 -5.51504021e+01  7.73168262e-03  2.98225563e-02
   6.23440266e-01  7.81263888e-01 -2.46950076e-05  3.01612657e-04
  -6.81470847e-05]
 [-4.40431893e-01 -4.44579422e-01 -5.00000000e+00 -3.11793566e-01
  -3.12146157e-01 -5.52285919e+01  7.73201045e-03  2.98186298e-02
   6.23433471e-01  7.81269431e-01 -2.52830680e-04  1.92775042e-04
  -4.25934559e-05]
 [-4.41680670e-01 -4.45829839e-01 -5.00000000e+00 -3.12195599e-01
  -3.12606514e-01 -5.53067741e+01  7.73332734e-03  2.98093949e-02
   6.23418093e-01  7.81281948e-01 -2.99921958e-04  2.28449353e-04
   1.82287476e-04]
 [-4.42931086e-01 -4.47082102e-01 -5.00000000e+00 -3.12605530e-01
  -3.13064307e-01 -5.53849564e+01  7.73211569e-03  2.98044961e-02
   6.23409271e-01  7.81289220e-01 -1.41471159e-04  4.04714025e-04
   1.17669231e-04]
 [-4.45436835e-01 -4.49592143e-01 -5.00000000e+00 -3.13425839e-01
  -3.13982338e-01 -5.55413246e+01  7.73082860e-03  2.98004877e-02
   6.23402476e-01  7.81294823e-01  5.11150574e-06  2.25457014e-04
   2.04567914e-05]
 [-4.45436835e-01 -4.49592143e-01 -5.00000000e+00 -3.13425839e-01
  -3.13982338e-01 -5.55413246e+01  7.73082860e-03  2.98004877e-02
   6.23402476e-01  7.81294823e-01  5.11150574e-06  2.25457014e-04
   2.04567914e-05]
 [-4.45436835e-01 -4.49592143e-01 -5.00000000e+00 -3.13826770e-01
  -3.14440727e-01 -5.56195145e+01  7.73006026e-03  2.97949947e-02
   6.23392403e-01  7.81303108e-01  3.49381589e-05  2.86439899e-06
   5.54374419e-05]
 [-4.47949052e-01 -4.52109486e-01 -5.00000000e+00 -3.14226657e-01
  -3.14894229e-01 -5.56977005e+01  7.72957318e-03  2.97905076e-02
   6.23386383e-01  7.81308115e-01 -6.69744913e-05  3.49195907e-05
   1.86436693e-04]
 [-4.49207574e-01 -4.53370869e-01 -5.00000000e+00 -3.15027595e-01
  -3.15804243e-01 -5.58540726e+01  7.72542413e-03  2.97822692e-02
   6.23372078e-01  7.81319797e-01 -1.13550515e-04  1.33104273e-04
   8.46481998e-05]
 [-4.49207574e-01 -4.53370869e-01 -5.00000000e+00 -3.15027595e-01
  -3.15804243e-01 -5.58540726e+01  7.72542413e-03  2.97822692e-02
   6.23372078e-01  7.81319797e-01 -1.13550515e-04  1.33104273e-04
   8.46481998e-05]]
self.u_target_traj:[[150. 152. 150. 152.]
 [150. 152. 150. 152.]
 [150. 152. 150. 152.]
 [150. 152. 150. 152.]
 [150. 152. 150. 152.]
 [150. 152. 150. 152.]
 [150. 152. 150. 152.]
 [150. 152. 150. 152.]
 [150. 152. 150. 152.]
 [150. 152. 150. 152.]]
x0:[-4.69560564e-01 -4.73803997e-01 -2.27657901e-01 -3.20947379e-01
 -3.22774529e-01 -5.70268478e+01  7.68412091e-03  2.97420546e-02
  6.23278022e-01  7.81396806e-01  1.13554415e-05  2.23307055e-04
  1.60311873e-04]
self.motor_rpms:[150. 152. 150. 152.]
self.x_target_traj:[[-4.66994494e-01 -4.71223712e-01 -5.00000000e+00 -3.20178121e-01
  -3.21821421e-01 -5.68704872e+01  7.69113703e-03  2.97440123e-02
   6.23290420e-01  7.81386733e-01 -6.62903767e-06  9.09058144e-05
   1.52657041e-04]
 [-4.68276769e-01 -4.72512901e-01 -5.00000000e+00 -3.20947379e-01
  -3.22774529e-01 -5.70268478e+01  7.68412091e-03  2.97420546e-02
   6.23278022e-01  7.81396806e-01  1.13554415e-05  2.23307055e-04
   1.60311873e-04]
 [-4.69560564e-01 -4.73803997e-01 -5.00000000e+00 -3.20947379e-01
  -3.22774529e-01 -5.70268478e+01  7.68412091e-03  2.97420546e-02
   6.23278022e-01  7.81396806e-01  1.13554415e-05  2.23307055e-04
   1.60311873e-04]
 [-4.69560564e-01 -4.73803997e-01 -5.00000000e+00 -3.20947379e-01
  -3.22774529e-01 -5.70268478e+01  7.68412091e-03  2.97420546e-02
   6.23278022e-01  7.81396806e-01  1.13554415e-05  2.23307055e-04
   1.60311873e-04]
 [-4.69560564e-01 -4.73803997e-01 -5.00000000e+00 -3.20947379e-01
  -3.22774529e-01 -5.70268478e+01  7.68412091e-03  2.97420546e-02
   6.23278022e-01  7.81396806e-01  1.13554415e-05  2.23307055e-04
   1.60311873e-04]
 [-4.69560564e-01 -4.73803997e-01 -5.00000000e+00 -3.20947379e-01
  -3.22774529e-01 -5.70268478e+01  7.68412091e-03  2.97420546e-02
   6.23278022e-01  7.81396806e-01  1.13554415e-05  2.23307055e-04
   1.60311873e-04]
 [-4.69560564e-01 -4.73803997e-01 -5.00000000e+00 -3.20947379e-01
  -3.22774529e-01 -5.70268478e+01  7.68412091e-03  2.97420546e-02
   6.23278022e-01  7.81396806e-01  1.13554415e-05  2.23307055e-04
   1.60311873e-04]
 [-4.69560564e-01 -4.73803997e-01 -5.00000000e+00 -3.20947379e-01
  -3.22774529e-01 -5.70268478e+01  7.68412091e-03  2.97420546e-02
   6.23278022e-01  7.81396806e-01  1.13554415e-05  2.23307055e-04
   1.60311873e-04]
 [-4.69560564e-01 -4.73803997e-01 -5.00000000e+00 -3.20947379e-01
  -3.22774529e-01 -5.70268478e+01  7.68412091e-03  2.97420546e-02
   6.23278022e-01  7.81396806e-01  1.13554415e-05  2.23307055e-04
   1.60311873e-04]
 [-4.69560564e-01 -4.73803997e-01 -5.00000000e+00 -3.20947379e-01
  -3.22774529e-01 -5.70268478e+01  7.68412091e-03  2.97420546e-02
   6.23278022e-01  7.81396806e-01  1.13554415e-05  2.23307055e-04
   1.60311873e-04]
 [-4.69560564e-01 -4.73803997e-01 -5.00000000e+00 -3.20947379e-01
  -3.22774529e-01 -5.70268478e+01  7.68412091e-03  2.97420546e-02
   6.23278022e-01  7.81396806e-01  1.13554415e-05  2.23307055e-04
   1.60311873e-04]]
self.u_target_traj:[[150. 152. 150. 152.]
 [150. 152. 150. 152.]
 [150. 152. 150. 152.]
 [150. 152. 150. 152.]
 [150. 152. 150. 152.]
 [150. 152. 150. 152.]
 [150. 152. 150. 152.]
 [150. 152. 150. 152.]
 [150. 152. 150. 152.]
 [150. 152. 150. 152.]]
